{"producer":{"name":"Blender","version":"2.76 (sub 0)","exporter_version":"4.6.1","file":"wyvern.babylon"},
"autoClear":true,"clearColor":[0.0509,0.0509,0.0509],"ambientColor":[0,0,0],"gravity":[0,-9.81,0],
"materials":[{"name":"wyvern.Shadow","id":"wyvern.Shadow","ambient":[0,0,0],"diffuse":[0.2159,0.2159,0.2159],"specular":[0,0,0],"emissive":[0,0,0],"specularPower":50,"alpha":0,"backFaceCulling":true,"checkReadyOnlyOnce":false},
{"name":"wyvern.WyvernSkin","id":"wyvern.WyvernSkin","ambient":[0.8,0.8,0.8],"diffuse":[0.8,0.8,0.8],"specular":[0.25,0.25,0.25],"emissive":[0,0,0],"specularPower":50,"alpha":1,"backFaceCulling":true,"checkReadyOnlyOnce":false, 
"diffuseTexture":{"name":"wyvern_diffuse.png","level":1,"hasAlpha":0,"coordinatesMode":0,"uOffset":0,"vOffset":0,"uScale":1,"vScale":1,"uAng":0,"vAng":0,"wAng":0,"wrapU":1,"wrapV":1,"coordinatesIndex":0}, 
"specularTexture":{"name":"wyvern_diffuse.png","level":0.25,"hasAlpha":0,"coordinatesMode":0,"uOffset":0,"vOffset":0,"uScale":1,"vScale":1,"uAng":0,"vAng":0,"wAng":0,"wrapU":1,"wrapV":1,"coordinatesIndex":0}}],
"multiMaterials":[],
"skeletons":[{"name":"WyvernArmature","id":0,"dimensionsAtRest":[0.718,0.2804,0.6086],"bones":[
{"name":"Hip","index":0,"matrix":[1,0,0,0,0,-0.9261,0.3772,0,0,0.3772,0.9261,0,0,1.6303,0.0256,1],"rest":[0.2755,0,0,0,0,0.2755,-0.007,0,0,-0.007,-0.2755,0,0,0.7152,-8.6452,1],"parentBoneIndex":-1,"length":0.176
,"animation":{"dataType":3,"framePerSecond":10,"keys":[
{"frame":1,"values":[1,0,0,0,0,-0.3593,0.9332,0,0,0.9332,0.3593,0,0,1.4654,0.0533,1]},
{"frame":2,"values":[1,0,0,0,0,-0.33,0.944,0,0,0.944,0.33,0,0,1.4654,0.0533,1]},
{"frame":3,"values":[1,0,0,0,0,-0.2033,0.9791,0,0,0.9791,0.2033,0,0,1.4654,0.0533,1]},
{"frame":4,"values":[1,0,0,0,0,0.0308,0.9995,0,0,0.9995,-0.0308,0,0,1.4654,0.0533,1]},
{"frame":5,"values":[1,0,0,0,0,0.4146,0.91,0,0,0.91,-0.4146,0,0,1.4654,0.0533,1]},
{"frame":6,"values":[1,0,0,0,0,0.3717,0.9284,0,0,0.9284,-0.3717,0,0,1.4654,0.0533,1]},
{"frame":7,"values":[1,0,0,0,0,0.2774,0.9607,0,0,0.9607,-0.2774,0,0,1.4654,0.0533,1]},
{"frame":8,"values":[1,0,0,0,0,0.2324,0.9726,0,0,0.9726,-0.2324,0,0,1.4654,0.0533,1]},
{"frame":21,"values":[1,0,0,0,0,-0.0579,0.9983,0,0,0.9983,0.0579,0,0,1.1516,0.0037,1]},
{"frame":22,"values":[1,0,0,0,0,0.0241,0.9997,0,0,0.9997,-0.0241,0,0,0.6756,0.0037,1]},
{"frame":23,"values":[1,0,0,0,0,0.149,0.9888,0,0,0.9888,-0.149,0,0,0.2111,0.0053,1]},
{"frame":24,"values":[0.9994,0.0344,-0.0033,0,-0.0039,0.207,0.9783,0,-0.0343,0.9777,-0.207,0,0,0.1904,0.0023,1]},
{"frame":25,"values":[0.9946,0.1035,-0.0117,0,-0.0134,0.2384,0.9711,0,-0.1033,0.9656,-0.2385,0,0,0.1855,0.0015,1]},
{"frame":26,"values":[0.983,0.1823,-0.023,0,-0.0259,0.2615,0.9649,0,-0.1819,0.9478,-0.2617,0,0,0.1805,0.0007,1]},
{"frame":27,"values":[0.9628,0.2677,-0.0355,0,-0.0399,0.2711,0.9617,0,-0.2671,0.9246,-0.2717,0,0,0.1785,0.0003,1]},
{"frame":28,"values":[0.953,0.3003,-0.0403,0,-0.0452,0.2722,0.9612,0,-0.2996,0.9142,-0.273,0,0,0.1783,0.0003,1]},
{"frame":41,"values":[1,0,0,0,0,-0.1029,0.9947,0,0,0.9947,0.1029,0,0,1.4666,0.0053,1]},
{"frame":42,"values":[1,0,0,0,0,-0.1216,0.9926,0,0,0.9926,0.1216,0,0,1.4261,0.0154,1]},
{"frame":43,"values":[1,0,0,0,0,-0.1402,0.9901,0,0,0.9901,0.1402,0,0,1.3856,0.0255,1]},
{"frame":44,"values":[1,0,0,0,0,-0.1298,0.9915,0,0,0.9915,0.1298,0,0,1.4083,0.0199,1]},
{"frame":45,"values":[1,0,0,0,0,-0.1029,0.9947,0,0,0.9947,0.1029,0,0,1.4666,0.0053,1]},
{"frame":46,"values":[1,0,0,0,0,-0.0655,0.9979,0,0,0.9979,0.0655,0,0,1.5475,-0.0149,1]},
{"frame":47,"values":[1,0,0,0,0,-0.0746,0.9972,0,0,0.9972,0.0746,0,0,1.528,-0.0101,1]},
{"frame":48,"values":[1,0,0,0,0,-0.0939,0.9956,0,0,0.9956,0.0939,0,0,1.4862,0.0004,1]},
{"frame":49,"values":[1,0,0,0,0,-0.1029,0.9947,0,0,0.9947,0.1029,0,0,1.4666,0.0053,1]},
{"frame":61,"values":[1,0,0,0,0,-0.5037,0.8639,0,0,0.8639,0.5037,0,0,1.4951,0.0256,1]},
{"frame":62,"values":[0.9959,0.0904,0,0,0.0455,-0.5016,0.8639,0,-0.0781,0.8603,0.5037,0,0,1.2937,0.0254,1]},
{"frame":63,"values":[0.9837,0.1801,0,0,0.0907,-0.4955,0.8639,0,-0.1556,0.8498,0.5037,0,0,1.0951,0.0256,1]},
{"frame":64,"values":[1,0.0086,0,0,0.0043,-0.5037,0.8639,0,-0.0074,0.8639,0.5037,0,0,1.099,0.0256,1]},
{"frame":65,"values":[0.9866,-0.1633,0,0,-0.0823,-0.4969,0.8639,0,0.1411,0.8523,0.5037,0,0,1.1262,0.0255,1]},
{"frame":66,"values":[0.9916,-0.1295,0,0,-0.0652,-0.4994,0.8639,0,0.1119,0.8566,0.5037,0,0,1.2253,0.0255,1]},
{"frame":67,"values":[0.998,-0.0634,0,0,-0.0319,-0.5027,0.8639,0,0.0547,0.8621,0.5037,0,0,1.3694,0.0255,1]},
{"frame":68,"values":[0.9997,-0.0227,0,0,-0.0114,-0.5036,0.8639,0,0.0196,0.8637,0.5037,0,0,1.4517,0.0255,1]},
{"frame":81,"values":[1,0,0,0,0,-0.948,0.3183,0,0,0.3183,0.948,0,0,1.4951,0.0256,1]},
{"frame":82,"values":[1,0,0,0,0,-0.9558,0.294,0,0,0.294,0.9558,0,0,1.4404,0.0255,1]},
{"frame":83,"values":[1,0,0,0,0,-0.963,0.2697,0,0,0.2697,0.963,0,0,1.3856,0.0255,1]},
{"frame":84,"values":[1,0,0,0,0,-0.9504,0.311,0,0,0.311,0.9504,0,0,1.4786,0.0255,1]},
{"frame":85,"values":[1,0,0,0,0,-0.9261,0.3772,0,0,0.3772,0.9261,0,0,1.6303,0.0256,1]},
{"frame":86,"values":[1,0,0,0,0,-0.9119,0.4105,0,0,0.4105,0.9119,0,0,1.7079,0.0255,1]},
{"frame":87,"values":[1,0,0,0,0,-0.9214,0.3886,0,0,0.3886,0.9214,0,0,1.6566,0.0255,1]},
{"frame":88,"values":[1,0,0,0,0,-0.9401,0.3409,0,0,0.3409,0.9401,0,0,1.5467,0.0256,1]},
{"frame":89,"values":[1,0,0,0,0,-0.948,0.3183,0,0,0.3183,0.948,0,0,1.4951,0.0256,1]},
{"frame":100,"values":[1,0,0,0,0,-0.1029,0.9947,0,0,0.9947,0.1029,0,0,1.4666,0.0053,1]},
{"frame":101,"values":[1,0,0,0,0,-0.1029,0.9947,0,0,0.9947,0.1029,0,0,1.4757,0.009,1]},
{"frame":102,"values":[1,0,0,0,0,-0.1029,0.9947,0,0,0.9947,0.1029,0,0,1.493,0.0325,1]},
{"frame":103,"values":[1,0,0,0,0,-0.1029,0.9947,0,0,0.9947,0.1029,0,0,1.4953,0.0841,1]},
{"frame":104,"values":[0.9997,-0.0255,0,0,-0.0026,-0.1029,0.9947,0,0.0253,0.9944,0.1029,0,-0.0645,1.4738,0.2293,1]},
{"frame":105,"values":[1,0,0,0,0,-0.1029,0.9947,0,0,0.9947,0.1029,0,0.08,1.5432,0.0081,1]},
{"frame":106,"values":[0.9992,0.0409,0,0,0.0042,-0.1028,0.9947,0,-0.0406,0.9939,0.1029,0,0,1.5382,-0.0592,1]},
{"frame":107,"values":[0.9995,0.031,0,0,0.0032,-0.1029,0.9947,0,-0.0308,0.9942,0.1029,0,0,1.5119,-0.0449,1]},
{"frame":108,"values":[1,0.0099,0,0,0.001,-0.1029,0.9947,0,-0.0098,0.9946,0.1029,0,0,1.4797,-0.0109,1]},
{"frame":109,"values":[1,0,0,0,0,-0.1029,0.9947,0,0,0.9947,0.1029,0,0,1.4666,0.0053,1]},
{"frame":124,"values":[0.2755,0,0,0,0,0.275,-0.0173,0,0,-0.0173,-0.275,0,0,11.4315,12.1769,1]},
{"frame":125,"values":[0.2755,0,0,0,0,0.2738,0.0307,0,0,0.0307,-0.2738,0,0,1.4302,-1.8924,1]},
{"frame":126,"values":[0.2755,0,0,0,0,0.2743,0.0264,0,0,0.0264,-0.2743,0,0,0.9415,-4.3049,1]},
{"frame":127,"values":[0.2755,0,0,0,0,0.2752,0.0144,0,0,0.0144,-0.2752,0,0,0.7908,-5.8885,1]},
{"frame":128,"values":[0.2755,0,0,0,0,0.2755,-0.001,0,0,-0.001,-0.2755,0,0,0.7119,-7.2186,1]},
{"frame":129,"values":[0.2755,0,0,0,0,0.2752,-0.0131,0,0,-0.0131,-0.2752,0,0,0.6743,-8.3037,1]},
{"frame":130,"values":[0.2755,0,0,0,0,0.275,-0.0173,0,0,-0.0173,-0.275,0,0,0.665,-8.9108,1]},
{"frame":141,"values":[0.2755,0,0,0,0,0.164,0.2214,0,0,0.2214,-0.164,0,0,0.6418,-8.94,1]},
{"frame":142,"values":[0.2755,0,0,0,0,0.1631,0.2221,0,0,0.2221,-0.1631,0,0,0.642,-8.9398,1]},
{"frame":143,"values":[0.2755,0,0,0,0,0.1548,0.228,0,0,0.228,-0.1548,0,0,0.6433,-8.9385,1]},
{"frame":144,"values":[0.2755,0,0,0,0,0.1335,0.241,0,0,0.241,-0.1335,0,0,0.6464,-8.9353,1]},
{"frame":145,"values":[0.2755,0,0,0,0,-0.0245,0.2744,0,0,0.2744,0.0245,0,0,0.6608,-8.9207,1]},
{"frame":146,"values":[0.2755,0,0,0,0,0.023,0.2746,0,0,0.2746,-0.023,0,0,0.6575,-8.9241,1]},
{"frame":147,"values":[0.2755,0,0,0,0,0.0982,0.2575,0,0,0.2575,-0.0982,0,0,0.6513,-8.9303,1]},
{"frame":148,"values":[0.2755,0,0,0,0,0.145,0.2343,0,0,0.2343,-0.145,0,0,0.6452,-8.9366,1]},
{"frame":149,"values":[0.2755,0,0,0,0,0.164,0.2214,0,0,0.2214,-0.164,0,0,0.6418,-8.94,1]}],"loopBehavior":1,"name":"anim","property":"_matrix"}},
{"name":"Tail1","index":1,"matrix":[1,0,0,0,0,0.9445,0.3286,0,0,-0.3286,0.9445,0,0,0.176,0,1],"rest":[1,0,0,0,0,1,0.0062,0,0,-0.0062,1,0,0,0.176,0,1],"parentBoneIndex":0,"length":0.2433
,"animation":{"dataType":3,"framePerSecond":10,"keys":[
{"frame":1,"values":[1,0,0,0,0,0.9871,0.16,0,0,-0.16,0.9871,0,0,0.176,0,1]},
{"frame":2,"values":[1,0,0,0,0,0.9874,0.1582,0,0,-0.1582,0.9874,0,0,0.176,0,1]},
{"frame":3,"values":[1,0,0,0,0,0.9898,0.1424,0,0,-0.1424,0.9898,0,0,0.176,0,1]},
{"frame":4,"values":[1,0,0,0,0,0.9946,0.1039,0,0,-0.1039,0.9946,0,0,0.176,0,1]},
{"frame":5,"values":[1,0,0,0,0,1,0.0009,0,0,-0.0009,1,0,0,0.176,0,1]},
{"frame":6,"values":[1,0,0,0,0,0.9979,-0.0649,0,0,0.0649,0.9979,0,0,0.176,0,1]},
{"frame":7,"values":[1,0,0,0,0,0.9943,-0.1066,0,0,0.1066,0.9943,0,0,0.176,0,1]},
{"frame":8,"values":[1,0,0,0,0,0.993,-0.1179,0,0,0.1179,0.993,0,0,0.176,0,1]},
{"frame":21,"values":[1,0,0,0,0,0.9991,-0.0423,0,0,0.0423,0.9991,0,0,0.176,0,1]},
{"frame":22,"values":[1,0,0,0,0,0.9955,0.095,0,0,-0.095,0.9955,0,0,0.176,0,1]},
{"frame":23,"values":[1,0,0,0,0,0.9732,0.23,0,0,-0.23,0.9732,0,0,0.176,0,1]},
{"frame":24,"values":[0.9995,0.0288,-0.009,0,-0.0262,0.9772,0.2107,0,0.0149,-0.2104,0.9775,0,0,0.176,0,1]},
{"frame":25,"values":[0.9957,0.0917,-0.0166,0,-0.0878,0.9828,0.1623,0,0.0312,-0.1601,0.9866,0,0,0.176,0,1]},
{"frame":26,"values":[0.9847,0.174,-0.0044,0,-0.173,0.9811,0.0873,0,0.0195,-0.0852,0.9962,0,0,0.176,0,1]},
{"frame":27,"values":[0.9631,0.2687,0.0129,0,-0.2687,0.9632,-0.0054,0,-0.0139,0.0017,0.9999,0,0,0.176,0,1]},
{"frame":28,"values":[0.9519,0.3058,0.0189,0,-0.3048,0.9514,-0.043,0,-0.0311,0.0352,0.9989,0,0,0.176,0,1]},
{"frame":41,"values":[1,0,0,0,0,0.9916,-0.1294,0,0,0.1294,0.9916,0,0,0.176,0,1]},
{"frame":42,"values":[1,0,0,0,0,0.9934,-0.1151,0,0,0.1151,0.9934,0,0,0.176,0,1]},
{"frame":43,"values":[1,0,0,0,0,0.9982,-0.0599,0,0,0.0599,0.9982,0,0,0.176,0,1]},
{"frame":44,"values":[1,0,0,0,0,0.9978,0.0668,0,0,-0.0668,0.9978,0,0,0.176,0,1]},
{"frame":45,"values":[1,0,0,0,0,0.9884,0.1517,0,0,-0.1517,0.9884,0,0,0.176,0,1]},
{"frame":46,"values":[1,0,0,0,0,0.9973,0.0732,0,0,-0.0732,0.9973,0,0,0.176,0,1]},
{"frame":47,"values":[1,0,0,0,0,0.9999,-0.0138,0,0,0.0138,0.9999,0,0,0.176,0,1]},
{"frame":48,"values":[1,0,0,0,0,0.9951,-0.0984,0,0,0.0984,0.9951,0,0,0.176,0,1]},
{"frame":49,"values":[1,0,0,0,0,0.9916,-0.1294,0,0,0.1294,0.9916,0,0,0.176,0,1]},
{"frame":61,"values":[1,0,0,0,0,0.9732,0.2302,0,0,-0.2302,0.9732,0,0,0.176,0,1]},
{"frame":62,"values":[0.9999,-0.0093,-0.0064,0,0.0108,0.9496,0.3132,0,0.0032,-0.3133,0.9497,0,0,0.176,0,1]},
{"frame":63,"values":[0.9995,-0.0258,-0.0182,0,0.0309,0.9187,0.3937,0,0.0066,-0.394,0.9191,0,0,0.176,0,1]},
{"frame":64,"values":[0.9987,-0.0458,-0.0239,0,0.0503,0.9678,0.2465,0,0.0119,-0.2473,0.9689,0,0,0.176,0,1]},
{"frame":65,"values":[0.998,-0.058,-0.0231,0,0.0599,0.9938,0.0933,0,0.0175,-0.0945,0.9954,0,0,0.176,0,1]},
{"frame":66,"values":[0.9988,-0.0457,-0.0189,0,0.0477,0.9914,0.1221,0,0.0132,-0.1229,0.9923,0,0,0.176,0,1]},
{"frame":67,"values":[0.9997,-0.0221,-0.0099,0,0.0235,0.9838,0.1778,0,0.0058,-0.178,0.984,0,0,0.176,0,1]},
{"frame":68,"values":[1,-0.0078,-0.0037,0,0.0084,0.9773,0.2115,0,0.0019,-0.2116,0.9774,0,0,0.176,0,1]},
{"frame":81,"values":[1,0,0,0,0,0.9515,0.3076,0,0,-0.3076,0.9515,0,0,0.176,0,1]},
{"frame":82,"values":[1,0,0,0,0,0.9542,0.299,0,0,-0.299,0.9542,0,0,0.176,0,1]},
{"frame":83,"values":[1,0,0,0,0,0.9569,0.2905,0,0,-0.2905,0.9569,0,0,0.176,0,1]},
{"frame":84,"values":[1,0,0,0,0,0.9524,0.305,0,0,-0.305,0.9524,0,0,0.176,0,1]},
{"frame":85,"values":[1,0,0,0,0,0.9445,0.3286,0,0,-0.3286,0.9445,0,0,0.176,0,1]},
{"frame":86,"values":[1,0,0,0,0,0.9402,0.3406,0,0,-0.3406,0.9402,0,0,0.176,0,1]},
{"frame":87,"values":[1,0,0,0,0,0.943,0.3327,0,0,-0.3327,0.943,0,0,0.176,0,1]},
{"frame":88,"values":[1,0,0,0,0,0.9489,0.3156,0,0,-0.3156,0.9489,0,0,0.176,0,1]},
{"frame":89,"values":[1,0,0,0,0,0.9515,0.3076,0,0,-0.3076,0.9515,0,0,0.176,0,1]},
{"frame":100,"values":[1,0,0,0,0,0.9916,-0.1294,0,0,0.1294,0.9916,0,0,0.176,0,1]},
{"frame":101,"values":[1,0,0,0,0,0.9937,-0.112,0,0,0.112,0.9937,0,0,0.176,0,1]},
{"frame":102,"values":[1,0,0,0,0,0.9972,-0.0746,0,0,0.0746,0.9972,0,0,0.176,0,1]},
{"frame":103,"values":[1,0,0,0,0,0.9984,-0.0571,0,0,0.0571,0.9984,0,0,0.176,0,1]},
{"frame":107,"values":[1,0,0,0,0,0.9972,-0.0746,0,0,0.0746,0.9972,0,0,0.176,0,1]},
{"frame":108,"values":[1,0,0,0,0,0.9937,-0.112,0,0,0.112,0.9937,0,0,0.176,0,1]},
{"frame":109,"values":[1,0,0,0,0,0.9916,-0.1294,0,0,0.1294,0.9916,0,0,0.176,0,1]},
{"frame":124,"values":[1,0,0,0,0,0.9916,-0.1294,0,0,0.1294,0.9916,0,0,0.176,0,1]},
{"frame":130,"values":[1,0,0,0,0,0.9916,-0.1294,0,0,0.1294,0.9916,0,0,0.176,0,1]},
{"frame":141,"values":[1,0,0,0,0,0.9242,0.3818,0,0,-0.3818,0.9242,0,0,0.176,0,1]},
{"frame":142,"values":[1,-0.0058,0.0015,0,0.0048,0.9264,0.3764,0,-0.0036,-0.3764,0.9264,0,0,0.176,0,1]},
{"frame":143,"values":[0.9998,-0.0181,0.0052,0,0.0154,0.9441,0.3294,0,-0.0108,-0.3293,0.9442,0,0,0.176,0,1]},
{"frame":144,"values":[0.9997,-0.0236,0.0084,0,0.0214,0.978,0.2077,0,-0.0131,-0.2075,0.9782,0,0,0.176,0,1]},
{"frame":145,"values":[1,0,0,0,0,0.8743,-0.4854,0,0,0.4854,0.8743,0,0,0.176,0,1]},
{"frame":146,"values":[0.9998,0.0163,-0.0071,0,-0.0177,0.9509,-0.3091,0,0.0017,0.3092,0.951,0,0,0.176,0,1]},
{"frame":147,"values":[0.9997,0.0244,-0.0049,0,-0.0243,0.9996,0.0131,0,0.0052,-0.013,0.9999,0,0,0.176,0,1]},
{"frame":148,"values":[0.9999,0.0123,-0.0009,0,-0.0116,0.9639,0.2661,0,0.0041,-0.2661,0.9639,0,0,0.176,0,1]},
{"frame":149,"values":[1,0,0,0,0,0.9242,0.3818,0,0,-0.3818,0.9242,0,0,0.176,0,1]}],"loopBehavior":1,"name":"anim","property":"_matrix"}},
{"name":"Tail2","index":2,"matrix":[1,0,0,0,0,0.886,0.4637,0,0,-0.4637,0.886,0,0,0.2433,0,1],"rest":[1,0,0,0,0,0.991,0.134,0,0,-0.134,0.991,0,0,0.2433,0,1],"parentBoneIndex":1,"length":0.1489
,"animation":{"dataType":3,"framePerSecond":10,"keys":[
{"frame":1,"values":[1,0,0,0,0,0.9639,0.2661,0,0,-0.2661,0.9639,0,0,0.2433,0,1]},
{"frame":2,"values":[1,0,0,0,0,0.9673,0.2538,0,0,-0.2538,0.9673,0,0,0.2433,0,1]},
{"frame":3,"values":[1,0,0,0,0,0.9796,0.201,0,0,-0.201,0.9796,0,0,0.2433,0,1]},
{"frame":4,"values":[1,0,0,0,0,0.9943,0.1063,0,0,-0.1063,0.9943,0,0,0.2433,0,1]},
{"frame":5,"values":[1,0,0,0,0,0.9984,-0.0563,0,0,0.0563,0.9984,0,0,0.2433,0,1]},
{"frame":6,"values":[1,0,0,0,0,0.9996,-0.0284,0,0,0.0284,0.9996,0,0,0.2433,0,1]},
{"frame":7,"values":[1,0,0,0,0,0.9995,0.0313,0,0,-0.0313,0.9995,0,0,0.2433,0,1]},
{"frame":8,"values":[1,0,0,0,0,0.9982,0.0592,0,0,-0.0592,0.9982,0,0,0.2433,0,1]},
{"frame":21,"values":[1,0,0,0,0,0.9817,0.1906,0,0,-0.1906,0.9817,0,0,0.2433,0,1]},
{"frame":24,"values":[0.9737,0.1311,0.1865,0,-0.1555,0.9802,0.1225,0,-0.1667,-0.1483,0.9748,0,0,0.2433,0,1]},
{"frame":25,"values":[0.886,0.3009,0.3527,0,-0.3162,0.9486,-0.015,0,-0.3391,-0.0983,0.9356,0,0,0.2433,0,1]},
{"frame":26,"values":[0.8991,0.3598,0.2493,0,-0.3529,0.9328,-0.0733,0,-0.2589,-0.0221,0.9657,0,0,0.2433,0,1]},
{"frame":27,"values":[0.9201,0.3902,0.0332,0,-0.3856,0.9176,-0.0965,0,-0.0681,0.0759,0.9948,0,0,0.2433,0,1]},
{"frame":28,"values":[0.9176,0.3918,-0.0672,0,-0.3969,0.9127,-0.0977,0,0.0231,0.1163,0.9929,0,0,0.2433,0,1]},
{"frame":41,"values":[1,0,0,0,0,0.9817,0.1906,0,0,-0.1906,0.9817,0,0,0.2433,0,1]},
{"frame":42,"values":[1,0,0,0,0,0.9953,0.0971,0,0,-0.0971,0.9953,0,0,0.2433,0,1]},
{"frame":43,"values":[1,0,0,0,0,0.9986,-0.0534,0,0,0.0534,0.9986,0,0,0.2433,0,1]},
{"frame":44,"values":[1,0,0,0,0,0.9884,-0.1518,0,0,0.1518,0.9884,0,0,0.2433,0,1]},
{"frame":45,"values":[1,0,0,0,0,0.981,-0.1942,0,0,0.1942,0.981,0,0,0.2433,0,1]},
{"frame":46,"values":[1,0,0,0,0,0.9806,0.1962,0,0,-0.1962,0.9806,0,0,0.2433,0,1]},
{"frame":47,"values":[1,0,0,0,0,0.9808,0.1949,0,0,-0.1949,0.9808,0,0,0.2433,0,1]},
{"frame":48,"values":[1,0,0,0,0,0.9814,0.192,0,0,-0.192,0.9814,0,0,0.2433,0,1]},
{"frame":49,"values":[1,0,0,0,0,0.9817,0.1906,0,0,-0.1906,0.9817,0,0,0.2433,0,1]},
{"frame":61,"values":[1,0,0,0,0,0.9934,0.1143,0,0,-0.1143,0.9934,0,0,0.2433,0,1]},
{"frame":62,"values":[0.9998,-0.0181,-0.0085,0,0.0197,0.9644,0.2637,0,0.0034,-0.2638,0.9646,0,0,0.2433,0,1]},
{"frame":63,"values":[0.9985,-0.05,-0.0241,0,0.0555,0.912,0.4064,0,0.0016,-0.4072,0.9134,0,0,0.2433,0,1]},
{"frame":64,"values":[0.9959,-0.0903,-0.0104,0,0.0909,0.9851,0.146,0,-0.0029,-0.1464,0.9892,0,0,0.2433,0,1]},
{"frame":65,"values":[0.9939,-0.1093,0.0137,0,0.1102,0.986,-0.1255,0,0.0002,0.1262,0.992,0,0,0.2433,0,1]},
{"frame":66,"values":[0.9962,-0.0869,0.0087,0,0.0874,0.9933,-0.0758,0,-0.0021,0.0762,0.9971,0,0,0.2433,0,1]},
{"frame":67,"values":[0.9991,-0.0426,0.0022,0,0.0426,0.9989,0.0216,0,-0.0031,-0.0215,0.9998,0,0,0.2433,0,1]},
{"frame":68,"values":[0.9999,-0.0152,0.0003,0,0.0152,0.9966,0.0813,0,-0.0016,-0.0813,0.9967,0,0,0.2433,0,1]},
{"frame":81,"values":[1,0,0,0,0,0.9017,0.4324,0,0,-0.4324,0.9017,0,0,0.2433,0,1]},
{"frame":82,"values":[1,0,0,0,0,0.9077,0.4195,0,0,-0.4195,0.9077,0,0,0.2433,0,1]},
{"frame":83,"values":[1,0,0,0,0,0.9136,0.4066,0,0,-0.4066,0.9136,0,0,0.2433,0,1]},
{"frame":84,"values":[1,0,0,0,0,0.9035,0.4285,0,0,-0.4285,0.9035,0,0,0.2433,0,1]},
{"frame":85,"values":[1,0,0,0,0,0.886,0.4637,0,0,-0.4637,0.886,0,0,0.2433,0,1]},
{"frame":86,"values":[1,0,0,0,0,0.8765,0.4815,0,0,-0.4815,0.8765,0,0,0.2433,0,1]},
{"frame":87,"values":[1,0,0,0,0,0.8828,0.4697,0,0,-0.4697,0.8828,0,0,0.2433,0,1]},
{"frame":88,"values":[1,0,0,0,0,0.8959,0.4444,0,0,-0.4444,0.8959,0,0,0.2433,0,1]},
{"frame":89,"values":[1,0,0,0,0,0.9017,0.4324,0,0,-0.4324,0.9017,0,0,0.2433,0,1]},
{"frame":100,"values":[1,0,0,0,0,0.9817,0.1906,0,0,-0.1906,0.9817,0,0,0.2433,0,1]},
{"frame":109,"values":[1,0,0,0,0,0.9817,0.1906,0,0,-0.1906,0.9817,0,0,0.2433,0,1]},
{"frame":124,"values":[1,0,0,0,0,0.9817,0.1906,0,0,-0.1906,0.9817,0,0,0.2433,0,1]},
{"frame":130,"values":[1,0,0,0,0,0.9817,0.1906,0,0,-0.1906,0.9817,0,0,0.2433,0,1]},
{"frame":141,"values":[1,0,0,0,0,0.9103,0.4139,0,0,-0.4139,0.9103,0,0,0.2433,0,1]},
{"frame":142,"values":[1,-0.0067,0.0033,0,0.0048,0.9128,0.4085,0,-0.0058,-0.4084,0.9128,0,0,0.2433,0,1]},
{"frame":143,"values":[0.9997,-0.021,0.011,0,0.0156,0.9326,0.3605,0,-0.0178,-0.3603,0.9327,0,0,0.2433,0,1]},
{"frame":144,"values":[0.9995,-0.0269,0.0164,0,0.0223,0.9716,0.2354,0,-0.0223,-0.2349,0.9718,0,0,0.2433,0,1]},
{"frame":145,"values":[1,0,0,0,0,0.8685,-0.4957,0,0,0.4957,0.8685,0,0,0.2433,0,1]},
{"frame":146,"values":[0.9993,0.035,-0.0163,0,-0.0383,0.9505,-0.3084,0,0.0047,0.3088,0.9511,0,0,0.2433,0,1]},
{"frame":147,"values":[0.9982,0.0589,-0.0126,0,-0.0584,0.9977,0.0345,0,0.0146,-0.0337,0.9993,0,0,0.2433,0,1]},
{"frame":148,"values":[0.9996,0.0297,-0.0023,0,-0.0277,0.9547,0.2962,0,0.011,-0.296,0.9551,0,0,0.2433,0,1]},
{"frame":149,"values":[1,0,0,0,0,0.9103,0.4139,0,0,-0.4139,0.9103,0,0,0.2433,0,1]}],"loopBehavior":1,"name":"anim","property":"_matrix"}},
{"name":"Tail3","index":3,"matrix":[1,0,0,0,0,0.7833,0.6217,0,0,-0.6217,0.7833,0,0,0.1489,0,1],"rest":[1,0,0,0,0,1,0,0,0,0,1,0,0,0.1489,0,1],"parentBoneIndex":2,"length":0.1404
,"animation":{"dataType":3,"framePerSecond":10,"keys":[
{"frame":1,"values":[1,0,0,0,0,0.9883,0.1524,0,0,-0.1524,0.9883,0,0,0.1489,0,1]},
{"frame":2,"values":[1,0,0,0,0,0.9896,0.1438,0,0,-0.1438,0.9896,0,0,0.1489,0,1]},
{"frame":3,"values":[1,0,0,0,0,0.9942,0.1072,0,0,-0.1072,0.9942,0,0,0.1489,0,1]},
{"frame":4,"values":[1,0,0,0,0,0.9991,0.0421,0,0,-0.0421,0.9991,0,0,0.1489,0,1]},
{"frame":5,"values":[1,0,0,0,0,0.9976,-0.0688,0,0,0.0688,0.9976,0,0,0.1489,0,1]},
{"frame":6,"values":[1,0,0,0,0,0.9989,-0.0468,0,0,0.0468,0.9989,0,0,0.1489,0,1]},
{"frame":7,"values":[1,0,0,0,0,1,0.0003,0,0,-0.0003,1,0,0,0.1489,0,1]},
{"frame":8,"values":[1,0,0,0,0,0.9998,0.0223,0,0,-0.0223,0.9998,0,0,0.1489,0,1]},
{"frame":21,"values":[1,0,0,0,0,0.9808,0.1949,0,0,-0.1949,0.9808,0,0,0.1489,0,1]},
{"frame":24,"values":[0.9762,0.1512,0.1553,0,-0.1645,0.9834,0.0767,0,-0.1411,-0.1004,0.9849,0,0,0.1489,0,1]},
{"frame":25,"values":[0.8757,0.3988,0.2723,0,-0.3742,0.9168,-0.1395,0,-0.3053,0.0203,0.952,0,0,0.1489,0,1]},
{"frame":26,"values":[0.8382,0.5219,0.1581,0,-0.4815,0.8444,-0.2349,0,-0.2561,0.1207,0.9591,0,0,0.1489,0,1]},
{"frame":27,"values":[0.8162,0.5767,-0.0357,0,-0.5646,0.7828,-0.2616,0,-0.1229,0.2337,0.9645,0,0,0.1489,0,1]},
{"frame":28,"values":[0.8045,0.5818,-0.1199,0,-0.5911,0.7643,-0.2576,0,-0.0582,0.2781,0.9588,0,0,0.1489,0,1]},
{"frame":41,"values":[1,0,0,0,0,0.9808,0.1949,0,0,-0.1949,0.9808,0,0,0.1489,0,1]},
{"frame":42,"values":[1,0,0,0,0,0.9973,0.0739,0,0,-0.0739,0.9973,0,0,0.1489,0,1]},
{"frame":43,"values":[1,0,0,0,0,0.9933,-0.1157,0,0,0.1157,0.9933,0,0,0.1489,0,1]},
{"frame":44,"values":[1,0,0,0,0,0.9742,-0.2256,0,0,0.2256,0.9742,0,0,0.1489,0,1]},
{"frame":45,"values":[1,0,0,0,0,0.9633,-0.2684,0,0,0.2684,0.9633,0,0,0.1489,0,1]},
{"frame":46,"values":[1,0,0,0,0,0.9886,0.1508,0,0,-0.1508,0.9886,0,0,0.1489,0,1]},
{"frame":47,"values":[1,0,0,0,0,0.9835,0.1808,0,0,-0.1808,0.9835,0,0,0.1489,0,1]},
{"frame":48,"values":[1,0,0,0,0,0.9811,0.1933,0,0,-0.1933,0.9811,0,0,0.1489,0,1]},
{"frame":49,"values":[1,0,0,0,0,0.9808,0.1949,0,0,-0.1949,0.9808,0,0,0.1489,0,1]},
{"frame":61,"values":[1,0,0,0,0,0.9868,0.1618,0,0,-0.1618,0.9868,0,0,0.1489,0,1]},
{"frame":62,"values":[1,-0.0095,-0.0029,0,0.0099,0.9677,0.2519,0,0.0004,-0.2519,0.9677,0,0,0.1489,0,1]},
{"frame":63,"values":[0.9994,-0.0324,-0.0091,0,0.0336,0.9399,0.3398,0,-0.0025,-0.3399,0.9405,0,0,0.1489,0,1]},
{"frame":64,"values":[0.9971,-0.0731,0.0221,0,0.0713,0.9947,0.0739,0,-0.0274,-0.0721,0.997,0,0,0.1489,0,1]},
{"frame":65,"values":[0.9941,-0.0897,0.0617,0,0.1002,0.9753,-0.1969,0,-0.0426,0.2019,0.9785,0,0,0.1489,0,1]},
{"frame":66,"values":[0.9963,-0.0729,0.0463,0,0.0782,0.9893,-0.1233,0,-0.0368,0.1265,0.9913,0,0,0.1489,0,1]},
{"frame":67,"values":[0.9991,-0.0373,0.0199,0,0.0368,0.9991,0.0224,0,-0.0208,-0.0216,0.9996,0,0,0.1489,0,1]},
{"frame":68,"values":[0.9999,-0.0136,0.0065,0,0.0128,0.9936,0.1122,0,-0.008,-0.1121,0.9937,0,0,0.1489,0,1]},
{"frame":81,"values":[1,0,0,0,0,0.8182,0.5749,0,0,-0.5749,0.8182,0,0,0.1489,0,1]},
{"frame":82,"values":[1,0,0,0,0,0.8316,0.5554,0,0,-0.5554,0.8316,0,0,0.1489,0,1]},
{"frame":83,"values":[1,0,0,0,0,0.8445,0.5356,0,0,-0.5356,0.8445,0,0,0.1489,0,1]},
{"frame":84,"values":[1,0,0,0,0,0.8223,0.5691,0,0,-0.5691,0.8223,0,0,0.1489,0,1]},
{"frame":85,"values":[1,0,0,0,0,0.7833,0.6217,0,0,-0.6217,0.7833,0,0,0.1489,0,1]},
{"frame":86,"values":[1,0,0,0,0,0.7619,0.6476,0,0,-0.6476,0.7619,0,0,0.1489,0,1]},
{"frame":87,"values":[1,0,0,0,0,0.7761,0.6306,0,0,-0.6306,0.7761,0,0,0.1489,0,1]},
{"frame":88,"values":[1,0,0,0,0,0.8053,0.5929,0,0,-0.5929,0.8053,0,0,0.1489,0,1]},
{"frame":89,"values":[1,0,0,0,0,0.8182,0.5749,0,0,-0.5749,0.8182,0,0,0.1489,0,1]},
{"frame":100,"values":[1,0,0,0,0,0.9808,0.1949,0,0,-0.1949,0.9808,0,0,0.1489,0,1]},
{"frame":109,"values":[1,0,0,0,0,0.9808,0.1949,0,0,-0.1949,0.9808,0,0,0.1489,0,1]},
{"frame":124,"values":[1,0,0,0,0,0.9808,0.1949,0,0,-0.1949,0.9808,0,0,0.1489,0,1]},
{"frame":130,"values":[1,0,0,0,0,0.9808,0.1949,0,0,-0.1949,0.9808,0,0,0.1489,0,1]},
{"frame":141,"values":[1,0,0,0,0,0.9634,0.2682,0,0,-0.2682,0.9634,0,0,0.1489,0,1]},
{"frame":142,"values":[0.9998,-0.0151,0.0123,0,0.0114,0.965,0.2622,0,-0.0158,-0.262,0.9649,0,0,0.1489,0,1]},
{"frame":143,"values":[0.9981,-0.0467,0.0403,0,0.0375,0.978,0.2054,0,-0.049,-0.2035,0.9778,0,0,0.1489,0,1]},
{"frame":144,"values":[0.9966,-0.0578,0.0579,0,0.0544,0.9968,0.0586,0,-0.0611,-0.0552,0.9966,0,0,0.1489,0,1]},
{"frame":145,"values":[1,0,0,0,0,0.9585,-0.285,0,0,0.285,0.9585,0,0,0.1489,0,1]},
{"frame":146,"values":[0.9994,0.0328,-0.0109,0,-0.0345,0.9624,-0.2694,0,0.0016,0.2696,0.963,0,0,0.1489,0,1]},
{"frame":147,"values":[0.9989,0.0449,-0.0112,0,-0.0461,0.9839,-0.1724,0,0.0033,0.1728,0.985,0,0,0.1489,0,1]},
{"frame":148,"values":[0.9997,0.0228,-0.0026,0,-0.0225,0.9954,0.0929,0,0.0047,-0.0928,0.9957,0,0,0.1489,0,1]},
{"frame":149,"values":[1,0,0,0,0,0.9634,0.2682,0,0,-0.2682,0.9634,0,0,0.1489,0,1]}],"loopBehavior":1,"name":"anim","property":"_matrix"}},
{"name":"Tail4","index":4,"matrix":[1,0,0,0,0,0.6805,0.7328,0,0,-0.7328,0.6805,0,0,0.1404,0,1],"rest":[1,0,0,0,0,0.9998,-0.0202,0,0,0.0202,0.9998,0,0,0.1404,0,1],"parentBoneIndex":3,"length":0.1404
,"animation":{"dataType":3,"framePerSecond":10,"keys":[
{"frame":1,"values":[1,0,0,0,0,0.9958,0.092,0,0,-0.092,0.9958,0,0,0.1404,0,1]},
{"frame":2,"values":[1,0,0,0,0,0.9968,0.0802,0,0,-0.0802,0.9968,0,0,0.1404,0,1]},
{"frame":3,"values":[1,0,0,0,0,0.9996,0.0299,0,0,-0.0299,0.9996,0,0,0.1404,0,1]},
{"frame":4,"values":[1,0,0,0,0,0.9983,-0.059,0,0,0.059,0.9983,0,0,0.1404,0,1]},
{"frame":5,"values":[1,0,0,0,0,0.978,-0.2086,0,0,0.2086,0.978,0,0,0.1404,0,1]},
{"frame":6,"values":[1,0,0,0,0,0.9904,-0.1384,0,0,0.1384,0.9904,0,0,0.1404,0,1]},
{"frame":7,"values":[1,0,0,0,0,0.9999,0.0143,0,0,-0.0143,0.9999,0,0,0.1404,0,1]},
{"frame":8,"values":[1,0,0,0,0,0.9963,0.0857,0,0,-0.0857,0.9963,0,0,0.1404,0,1]},
{"frame":21,"values":[1,0,0,0,0,0.9823,0.1875,0,0,-0.1875,0.9823,0,0,0.1404,0,1]},
{"frame":24,"values":[0.9886,0.1128,0.0998,0,-0.1184,0.9916,0.0521,0,-0.0931,-0.0633,0.9936,0,0,0.1404,0,1]},
{"frame":25,"values":[0.9464,0.2677,0.1806,0,-0.2532,0.9623,-0.0992,0,-0.2004,0.0482,0.9785,0,0,0.1404,0,1]},
{"frame":26,"values":[0.9344,0.3056,0.1829,0,-0.2982,0.9521,-0.0675,0,-0.1947,0.0085,0.9808,0,0,0.1404,0,1]},
{"frame":27,"values":[0.9295,0.314,0.1936,0,-0.3212,0.947,0.0062,0,-0.1813,-0.0679,0.9811,0,0,0.1404,0,1]},
{"frame":28,"values":[0.9291,0.3118,0.1988,0,-0.3257,0.9446,0.0409,0,-0.175,-0.1028,0.9792,0,0,0.1404,0,1]},
{"frame":41,"values":[1,0,0,0,0,0.9823,0.1875,0,0,-0.1875,0.9823,0,0,0.1404,0,1]},
{"frame":42,"values":[1,0,0,0,0,0.9999,-0.0141,0,0,0.0141,0.9999,0,0,0.1404,0,1]},
{"frame":43,"values":[1,0,0,0,0,0.9764,-0.2162,0,0,0.2162,0.9764,0,0,0.1404,0,1]},
{"frame":44,"values":[1,0,0,0,0,0.9755,-0.2199,0,0,0.2199,0.9755,0,0,0.1404,0,1]},
{"frame":45,"values":[1,0,0,0,0,0.9753,-0.2209,0,0,0.2209,0.9753,0,0,0.1404,0,1]},
{"frame":46,"values":[1,0,0,0,0,0.9831,0.1829,0,0,-0.1829,0.9831,0,0,0.1404,0,1]},
{"frame":47,"values":[1,0,0,0,0,0.9826,0.1856,0,0,-0.1856,0.9826,0,0,0.1404,0,1]},
{"frame":48,"values":[1,0,0,0,0,0.9823,0.1871,0,0,-0.1871,0.9823,0,0,0.1404,0,1]},
{"frame":49,"values":[1,0,0,0,0,0.9823,0.1875,0,0,-0.1875,0.9823,0,0,0.1404,0,1]},
{"frame":61,"values":[1,0,0,0,0,0.9339,0.3576,0,0,-0.3576,0.9339,0,0,0.1404,0,1]},
{"frame":64,"values":[0.9975,-0.0383,0.0592,0,0.0377,0.9992,0.0109,0,-0.0596,-0.0087,0.9982,0,0,0.1404,0,1]},
{"frame":65,"values":[0.9904,-0.0533,0.1277,0,0.0935,0.9382,-0.3332,0,-0.1021,0.3419,0.9342,0,0,0.1404,0,1]},
{"frame":66,"values":[0.9938,-0.0501,0.0989,0,0.0687,0.9784,-0.1947,0,-0.087,0.2003,0.9759,0,0,0.1404,0,1]},
{"frame":67,"values":[0.9985,-0.0314,0.0445,0,0.0272,0.9955,0.0912,0,-0.0472,-0.0899,0.9948,0,0,0.1404,0,1]},
{"frame":68,"values":[0.9998,-0.0125,0.0148,0,0.0081,0.9642,0.2652,0,-0.0175,-0.265,0.9641,0,0,0.1404,0,1]},
{"frame":81,"values":[1,0,0,0,0,0.7059,0.7083,0,0,-0.7083,0.7059,0,0,0.1404,0,1]},
{"frame":82,"values":[1,0,0,0,0,0.716,0.6981,0,0,-0.6981,0.716,0,0,0.1404,0,1]},
{"frame":83,"values":[1,0,0,0,0,0.7259,0.6878,0,0,-0.6878,0.7259,0,0,0.1404,0,1]},
{"frame":84,"values":[1,0,0,0,0,0.709,0.7052,0,0,-0.7052,0.709,0,0,0.1404,0,1]},
{"frame":85,"values":[1,0,0,0,0,0.6805,0.7328,0,0,-0.7328,0.6805,0,0,0.1404,0,1]},
{"frame":86,"values":[1,0,0,0,0,0.6654,0.7465,0,0,-0.7465,0.6654,0,0,0.1404,0,1]},
{"frame":87,"values":[1,0,0,0,0,0.6754,0.7374,0,0,-0.7374,0.6754,0,0,0.1404,0,1]},
{"frame":88,"values":[1,0,0,0,0,0.6964,0.7177,0,0,-0.7177,0.6964,0,0,0.1404,0,1]},
{"frame":89,"values":[1,0,0,0,0,0.7059,0.7083,0,0,-0.7083,0.7059,0,0,0.1404,0,1]},
{"frame":100,"values":[1,0,0,0,0,0.9823,0.1875,0,0,-0.1875,0.9823,0,0,0.1404,0,1]},
{"frame":101,"values":[1,0,0,0,0,0.9892,0.1466,0,0,-0.1466,0.9892,0,0,0.1404,0,1]},
{"frame":102,"values":[1,0,0,0,0,0.9983,0.0584,0,0,-0.0584,0.9983,0,0,0.1404,0,1]},
{"frame":103,"values":[1,0,0,0,0,0.9999,0.0169,0,0,-0.0169,0.9999,0,0,0.1404,0,1]},
{"frame":107,"values":[1,0,0,0,0,0.9983,0.0584,0,0,-0.0584,0.9983,0,0,0.1404,0,1]},
{"frame":108,"values":[1,0,0,0,0,0.9892,0.1466,0,0,-0.1466,0.9892,0,0,0.1404,0,1]},
{"frame":109,"values":[1,0,0,0,0,0.9823,0.1875,0,0,-0.1875,0.9823,0,0,0.1404,0,1]},
{"frame":124,"values":[1,0,0,0,0,0.9823,0.1875,0,0,-0.1875,0.9823,0,0,0.1404,0,1]},
{"frame":130,"values":[1,0,0,0,0,0.9823,0.1875,0,0,-0.1875,0.9823,0,0,0.1404,0,1]},
{"frame":141,"values":[1,0,0,0,0,0.9955,0.0949,0,0,-0.0949,0.9955,0,0,0.1404,0,1]},
{"frame":142,"values":[0.9997,-0.0162,0.0165,0,0.0146,0.9957,0.092,0,-0.018,-0.0917,0.9956,0,0,0.1404,0,1]},
{"frame":143,"values":[0.9974,-0.0501,0.0527,0,0.0465,0.9967,0.0664,0,-0.0558,-0.0638,0.9964,0,0,0.1404,0,1]},
{"frame":144,"values":[0.9954,-0.0637,0.0716,0,0.0638,0.998,0.0017,0,-0.0716,0.0028,0.9974,0,0,0.1404,0,1]},
{"frame":145,"values":[1,0,0,0,0,0.9842,-0.1773,0,0,0.1773,0.9842,0,0,0.1404,0,1]},
{"frame":146,"values":[0.998,0.0636,-0.0066,0,-0.0638,0.9851,-0.1598,0,-0.0036,0.1599,0.9871,0,0,0.1404,0,1]},
{"frame":147,"values":[0.9954,0.0951,-0.0068,0,-0.0953,0.9902,-0.1024,0,-0.003,0.1026,0.9947,0,0,0.1404,0,1]},
{"frame":148,"values":[0.9989,0.0477,-0.0006,0,-0.0476,0.9987,0.0164,0,0.0014,-0.0163,0.9999,0,0,0.1404,0,1]},
{"frame":149,"values":[1,0,0,0,0,0.9955,0.0949,0,0,-0.0949,0.9955,0,0,0.1404,0,1]}],"loopBehavior":1,"name":"anim","property":"_matrix"}},
{"name":"Tail5","index":5,"matrix":[1,0,0,0,0,0.8753,0.4835,0,0,-0.4835,0.8753,0,0,0.1404,0,1],"rest":[1,0,0,0,0,0.9995,0.03,0,0,-0.03,0.9995,0,0,0.1404,0,1],"parentBoneIndex":4,"length":0.1447
,"animation":{"dataType":3,"framePerSecond":10,"keys":[
{"frame":1,"values":[1,0,0,0,0,0.9796,0.2008,0,0,-0.2008,0.9796,0,0,0.1404,0,1]},
{"frame":2,"values":[1,0,0,0,0,0.9828,0.1845,0,0,-0.1845,0.9828,0,0,0.1404,0,1]},
{"frame":3,"values":[1,0,0,0,0,0.9933,0.1151,0,0,-0.1151,0.9933,0,0,0.1404,0,1]},
{"frame":4,"values":[1,0,0,0,0,1,-0.0089,0,0,0.0089,1,0,0,0.1404,0,1]},
{"frame":5,"values":[1,0,0,0,0,0.976,-0.2179,0,0,0.2179,0.976,0,0,0.1404,0,1]},
{"frame":6,"values":[1,0,0,0,0,0.9883,-0.1525,0,0,0.1525,0.9883,0,0,0.1404,0,1]},
{"frame":7,"values":[1,0,0,0,0,0.9999,-0.0104,0,0,0.0104,0.9999,0,0,0.1404,0,1]},
{"frame":8,"values":[1,0,0,0,0,0.9984,0.0562,0,0,-0.0562,0.9984,0,0,0.1404,0,1]},
{"frame":21,"values":[1,0,0,0,0,0.9614,0.2751,0,0,-0.2751,0.9614,0,0,0.1404,0,1]},
{"frame":24,"values":[0.9939,0.0736,0.0816,0,-0.0906,0.9691,0.2294,0,-0.0622,-0.2354,0.9699,0,0,0.1404,0,1]},
{"frame":25,"values":[0.9734,0.1638,0.1605,0,-0.1914,0.9658,0.175,0,-0.1264,-0.201,0.9714,0,0,0.1404,0,1]},
{"frame":26,"values":[0.9702,0.1815,0.1604,0,-0.2111,0.9583,0.1926,0,-0.1187,-0.2207,0.9681,0,0,0.1404,0,1]},
{"frame":27,"values":[0.9698,0.1869,0.1567,0,-0.2201,0.9473,0.2327,0,-0.1049,-0.2602,0.9598,0,0,0.1404,0,1]},
{"frame":28,"values":[0.9702,0.1867,0.1546,0,-0.2214,0.9422,0.2515,0,-0.0987,-0.2783,0.9554,0,0,0.1404,0,1]},
{"frame":41,"values":[1,0,0,0,0,0.9614,0.2751,0,0,-0.2751,0.9614,0,0,0.1404,0,1]},
{"frame":42,"values":[1,0,0,0,0,0.9928,0.1195,0,0,-0.1195,0.9928,0,0,0.1404,0,1]},
{"frame":43,"values":[1,0,0,0,0,0.9936,-0.113,0,0,0.113,0.9936,0,0,0.1404,0,1]},
{"frame":44,"values":[1,0,0,0,0,0.9778,-0.2097,0,0,0.2097,0.9778,0,0,0.1404,0,1]},
{"frame":45,"values":[1,0,0,0,0,0.9725,-0.233,0,0,0.233,0.9725,0,0,0.1404,0,1]},
{"frame":46,"values":[1,0,0,0,0,0.9863,0.1651,0,0,-0.1651,0.9863,0,0,0.1404,0,1]},
{"frame":47,"values":[1,0,0,0,0,0.9707,0.2402,0,0,-0.2402,0.9707,0,0,0.1404,0,1]},
{"frame":48,"values":[1,0,0,0,0,0.9625,0.2712,0,0,-0.2712,0.9625,0,0,0.1404,0,1]},
{"frame":49,"values":[1,0,0,0,0,0.9614,0.2751,0,0,-0.2751,0.9614,0,0,0.1404,0,1]},
{"frame":61,"values":[1,0,0,0,0,0.9556,0.2946,0,0,-0.2946,0.9556,0,0,0.1404,0,1]},
{"frame":64,"values":[0.9986,-0.0133,0.0515,0,0.0116,0.9994,0.0317,0,-0.0519,-0.0311,0.9982,0,0,0.1404,0,1]},
{"frame":65,"values":[0.9944,-0.0124,0.1045,0,0.0365,0.972,-0.2321,0,-0.0987,0.2346,0.9671,0,0,0.1404,0,1]},
{"frame":66,"values":[0.9965,-0.0145,0.0827,0,0.0247,0.992,-0.1241,0,-0.0802,0.1257,0.9888,0,0,0.1404,0,1]},
{"frame":67,"values":[0.9992,-0.0115,0.0395,0,0.0078,0.9957,0.0922,0,-0.0404,-0.0918,0.995,0,0,0.1404,0,1]},
{"frame":68,"values":[0.9999,-0.005,0.0138,0,0.0018,0.9747,0.2236,0,-0.0145,-0.2235,0.9746,0,0,0.1404,0,1]},
{"frame":81,"values":[1,0,0,0,0,0.9028,0.4302,0,0,-0.4302,0.9028,0,0,0.1404,0,1]},
{"frame":82,"values":[1,0,0,0,0,0.9129,0.4081,0,0,-0.4081,0.9129,0,0,0.1404,0,1]},
{"frame":83,"values":[1,0,0,0,0,0.9225,0.3859,0,0,-0.3859,0.9225,0,0,0.1404,0,1]},
{"frame":84,"values":[1,0,0,0,0,0.9059,0.4236,0,0,-0.4236,0.9059,0,0,0.1404,0,1]},
{"frame":85,"values":[1,0,0,0,0,0.8753,0.4835,0,0,-0.4835,0.8753,0,0,0.1404,0,1]},
{"frame":86,"values":[1,0,0,0,0,0.8581,0.5134,0,0,-0.5134,0.8581,0,0,0.1404,0,1]},
{"frame":87,"values":[1,0,0,0,0,0.8696,0.4937,0,0,-0.4937,0.8696,0,0,0.1404,0,1]},
{"frame":88,"values":[1,0,0,0,0,0.8927,0.4507,0,0,-0.4507,0.8927,0,0,0.1404,0,1]},
{"frame":89,"values":[1,0,0,0,0,0.9028,0.4302,0,0,-0.4302,0.9028,0,0,0.1404,0,1]},
{"frame":100,"values":[1,0,0,0,0,0.9614,0.2751,0,0,-0.2751,0.9614,0,0,0.1404,0,1]},
{"frame":101,"values":[1,0,0,0,0,0.9867,0.1623,0,0,-0.1623,0.9867,0,0,0.1404,0,1]},
{"frame":102,"values":[1,0,0,0,0,0.9964,-0.0852,0,0,0.0852,0.9964,0,0,0.1404,0,1]},
{"frame":103,"values":[1,0,0,0,0,0.98,-0.1992,0,0,0.1992,0.98,0,0,0.1404,0,1]},
{"frame":107,"values":[1,0,0,0,0,0.9964,-0.0852,0,0,0.0852,0.9964,0,0,0.1404,0,1]},
{"frame":108,"values":[1,0,0,0,0,0.9867,0.1623,0,0,-0.1623,0.9867,0,0,0.1404,0,1]},
{"frame":109,"values":[1,0,0,0,0,0.9614,0.2751,0,0,-0.2751,0.9614,0,0,0.1404,0,1]},
{"frame":124,"values":[1,0,0,0,0,0.9614,0.2751,0,0,-0.2751,0.9614,0,0,0.1404,0,1]},
{"frame":130,"values":[1,0,0,0,0,0.9614,0.2751,0,0,-0.2751,0.9614,0,0,0.1404,0,1]},
{"frame":141,"values":[1,0,0,0,0,0.9648,0.263,0,0,-0.263,0.9648,0,0,0.1404,0,1]},
{"frame":142,"values":[1,-0.0016,0.0016,0,0.0011,0.9654,0.2609,0,-0.002,-0.2609,0.9654,0,0,0.1404,0,1]},
{"frame":143,"values":[1,-0.0048,0.0052,0,0.0034,0.9699,0.2435,0,-0.0062,-0.2434,0.9699,0,0,0.1404,0,1]},
{"frame":144,"values":[1,-0.0062,0.007,0,0.0047,0.9797,0.2004,0,-0.0081,-0.2004,0.9797,0,0,0.1404,0,1]},
{"frame":145,"values":[1,0,0,0,0,0.9982,-0.0603,0,0,0.0603,0.9982,0,0,0.1404,0,1]},
{"frame":146,"values":[0.999,0.0441,-0.0025,0,-0.0441,0.999,0.0124,0,0.003,-0.0122,0.9999,0,0,0.1404,0,1]},
{"frame":147,"values":[0.9968,0.0801,0.0025,0,-0.0797,0.988,0.1325,0,0.0082,-0.1323,0.9912,0,0,0.1404,0,1]},
{"frame":148,"values":[0.9992,0.0399,0.0031,0,-0.0396,0.9743,0.2216,0,0.0059,-0.2215,0.9751,0,0,0.1404,0,1]},
{"frame":149,"values":[1,0,0,0,0,0.9648,0.263,0,0,-0.263,0.9648,0,0,0.1404,0,1]}],"loopBehavior":1,"name":"anim","property":"_matrix"}},
{"name":"Tail6","index":6,"matrix":[1,0,0,0,0,0.8853,0.4651,0,0,-0.4651,0.8853,0,0,0.1447,0,1],"rest":[1,0,0,0,0,0.9998,-0.0199,0,0,0.0199,0.9998,0,0,0.1447,0,1],"parentBoneIndex":5,"length":0.1404
,"animation":{"dataType":3,"framePerSecond":10,"keys":[
{"frame":1,"values":[1,0,0,0,0,0.974,0.2264,0,0,-0.2264,0.974,0,0,0.1447,0,1]},
{"frame":2,"values":[1,0,0,0,0,0.9789,0.2042,0,0,-0.2042,0.9789,0,0,0.1447,0,1]},
{"frame":3,"values":[1,0,0,0,0,0.994,0.1095,0,0,-0.1095,0.994,0,0,0.1447,0,1]},
{"frame":4,"values":[1,0,0,0,0,0.9982,-0.0607,0,0,0.0607,0.9982,0,0,0.1447,0,1]},
{"frame":5,"values":[1,0,0,0,0,0.9397,-0.342,0,0,0.342,0.9397,0,0,0.1447,0,1]},
{"frame":6,"values":[1,0,0,0,0,0.9728,-0.2315,0,0,0.2315,0.9728,0,0,0.1447,0,1]},
{"frame":7,"values":[1,0,0,0,0,0.9999,0.0153,0,0,-0.0153,0.9999,0,0,0.1447,0,1]},
{"frame":8,"values":[1,0,0,0,0,0.9914,0.1309,0,0,-0.1309,0.9914,0,0,0.1447,0,1]},
{"frame":21,"values":[1,0,0,0,0,0.9453,0.3263,0,0,-0.3263,0.9453,0,0,0.1447,0,1]},
{"frame":24,"values":[0.9919,0.111,0.0617,0,-0.1238,0.9539,0.2734,0,-0.0285,-0.2788,0.9599,0,0,0.1447,0,1]},
{"frame":25,"values":[0.9622,0.2452,0.1189,0,-0.2658,0.9407,0.211,0,-0.0601,-0.2346,0.9702,0,0,0.1447,0,1]},
{"frame":26,"values":[0.9542,0.2734,0.1219,0,-0.2952,0.927,0.2313,0,-0.0497,-0.2567,0.9652,0,0,0.1447,0,1]},
{"frame":27,"values":[0.9512,0.2829,0.1234,0,-0.3068,0.9104,0.2774,0,-0.0339,-0.3018,0.9528,0,0,0.1447,0,1]},
{"frame":28,"values":[0.9511,0.2831,0.1237,0,-0.3078,0.9033,0.299,0,-0.0271,-0.3224,0.9462,0,0,0.1447,0,1]},
{"frame":41,"values":[1,0,0,0,0,0.9453,0.3263,0,0,-0.3263,0.9453,0,0,0.1447,0,1]},
{"frame":42,"values":[1,0,0,0,0,0.9812,0.193,0,0,-0.193,0.9812,0,0,0.1447,0,1]},
{"frame":43,"values":[1,0,0,0,0,0.9998,-0.0199,0,0,0.0199,0.9998,0,0,0.1447,0,1]},
{"frame":44,"values":[1,0,0,0,0,0.9889,-0.1485,0,0,0.1485,0.9889,0,0,0.1447,0,1]},
{"frame":45,"values":[1,0,0,0,0,0.9795,-0.2013,0,0,0.2013,0.9795,0,0,0.1447,0,1]},
{"frame":46,"values":[1,0,0,0,0,0.8935,0.4492,0,0,-0.4492,0.8935,0,0,0.1447,0,1]},
{"frame":47,"values":[1,0,0,0,0,0.9075,0.42,0,0,-0.42,0.9075,0,0,0.1447,0,1]},
{"frame":48,"values":[1,0,0,0,0,0.9342,0.3566,0,0,-0.3566,0.9342,0,0,0.1447,0,1]},
{"frame":49,"values":[1,0,0,0,0,0.9453,0.3263,0,0,-0.3263,0.9453,0,0,0.1447,0,1]},
{"frame":61,"values":[1,0,0,0,0,0.9577,0.2877,0,0,-0.2877,0.9577,0,0,0.1447,0,1]},
{"frame":64,"values":[0.9981,0.0042,0.0612,0,-0.0031,0.9998,-0.0175,0,-0.0613,0.0173,0.998,0,0,0.1447,0,1]},
{"frame":65,"values":[0.9926,0.0267,0.1181,0,0.0126,0.9473,-0.3201,0,-0.1204,0.3192,0.94,0,0,0.1447,0,1]},
{"frame":66,"values":[0.9953,0.0153,0.0955,0,0.0039,0.9803,-0.1974,0,-0.0966,0.1968,0.9757,0,0,0.1447,0,1]},
{"frame":67,"values":[0.9989,0.0016,0.0474,0,-0.0041,0.9986,0.0527,0,-0.0473,-0.0529,0.9975,0,0,0.1447,0,1]},
{"frame":68,"values":[0.9999,-0.0007,0.0169,0,-0.0027,0.9787,0.2055,0,-0.0166,-0.2055,0.9785,0,0,0.1447,0,1]},
{"frame":81,"values":[1,0,0,0,0,0.9082,0.4186,0,0,-0.4186,0.9082,0,0,0.1447,0,1]},
{"frame":82,"values":[1,0,0,0,0,0.9167,0.3995,0,0,-0.3995,0.9167,0,0,0.1447,0,1]},
{"frame":83,"values":[1,0,0,0,0,0.9249,0.3801,0,0,-0.3801,0.9249,0,0,0.1447,0,1]},
{"frame":84,"values":[1,0,0,0,0,0.9108,0.4129,0,0,-0.4129,0.9108,0,0,0.1447,0,1]},
{"frame":85,"values":[1,0,0,0,0,0.8853,0.4651,0,0,-0.4651,0.8853,0,0,0.1447,0,1]},
{"frame":86,"values":[1,0,0,0,0,0.871,0.4913,0,0,-0.4913,0.871,0,0,0.1447,0,1]},
{"frame":87,"values":[1,0,0,0,0,0.8805,0.4741,0,0,-0.4741,0.8805,0,0,0.1447,0,1]},
{"frame":88,"values":[1,0,0,0,0,0.8997,0.4364,0,0,-0.4364,0.8997,0,0,0.1447,0,1]},
{"frame":89,"values":[1,0,0,0,0,0.9082,0.4186,0,0,-0.4186,0.9082,0,0,0.1447,0,1]},
{"frame":100,"values":[1,0,0,0,0,0.9453,0.3263,0,0,-0.3263,0.9453,0,0,0.1447,0,1]},
{"frame":101,"values":[1,0,0,0,0,0.985,0.1725,0,0,-0.1725,0.985,0,0,0.1447,0,1]},
{"frame":102,"values":[1,0,0,0,0,0.9857,-0.1685,0,0,0.1685,0.9857,0,0,0.1447,0,1]},
{"frame":103,"values":[1,0,0,0,0,0.9469,-0.3215,0,0,0.3215,0.9469,0,0,0.1447,0,1]},
{"frame":107,"values":[1,0,0,0,0,0.9857,-0.1685,0,0,0.1685,0.9857,0,0,0.1447,0,1]},
{"frame":108,"values":[1,0,0,0,0,0.985,0.1725,0,0,-0.1725,0.985,0,0,0.1447,0,1]},
{"frame":109,"values":[1,0,0,0,0,0.9453,0.3263,0,0,-0.3263,0.9453,0,0,0.1447,0,1]},
{"frame":124,"values":[1,0,0,0,0,0.9453,0.3263,0,0,-0.3263,0.9453,0,0,0.1447,0,1]},
{"frame":130,"values":[1,0,0,0,0,0.9453,0.3263,0,0,-0.3263,0.9453,0,0,0.1447,0,1]},
{"frame":141,"values":[1,0,0,0,0,0.9696,0.2448,0,0,-0.2448,0.9696,0,0,0.1447,0,1]},
{"frame":142,"values":[0.9995,-0.018,0.0261,0,0.0112,0.9707,0.2402,0,-0.0296,-0.2398,0.9704,0,0,0.1447,0,1]},
{"frame":143,"values":[0.995,-0.0547,0.0833,0,0.0372,0.9794,0.1986,0,-0.0924,-0.1945,0.9765,0,0,0.1447,0,1]},
{"frame":144,"values":[0.9913,-0.0662,0.1141,0,0.0559,0.9942,0.0914,0,-0.1195,-0.0842,0.9893,0,0,0.1447,0,1]},
{"frame":145,"values":[1,0,0,0,0,0.9601,-0.2797,0,0,0.2797,0.9601,0,0,0.1447,0,1]},
{"frame":146,"values":[0.998,0.0616,-0.0117,0,-0.0626,0.9735,-0.2201,0,-0.0022,0.2204,0.9754,0,0,0.1447,0,1]},
{"frame":147,"values":[0.9956,0.0935,-0.0096,0,-0.0939,0.9922,-0.0816,0,0.0019,0.0821,0.9966,0,0,0.1447,0,1]},
{"frame":148,"values":[0.9989,0.0468,0,0,-0.0465,0.9914,0.1224,0,0.0057,-0.1222,0.9925,0,0,0.1447,0,1]},
