{"producer":{"name":"Blender","version":"2.76 (sub 0)","exporter_version":"5.4.0","file":"newdragon.babylon"},
"autoClear":true,"clearColor":[0.0509,0.0509,0.0509],"ambientColor":[0,0,0],"gravity":[0,-9.81,0],
"materials":[{"name":"newdragon.WyvernSkin","id":"newdragon.WyvernSkin","ambient":[0.8,0.8,0.8],"diffuse":[0.8,0.8,0.8],"specular":[0.25,0.25,0.25],"emissive":[0,0,0],"specularPower":50,"alpha":1,"backFaceCulling":true,"checkReadyOnlyOnce":false,"maxSimultaneousLights":4, 
"diffuseTexture":{"name":"wyvern_diffuse.png","level":1,"hasAlpha":0,"coordinatesMode":0,"uOffset":0,"vOffset":0,"uScale":1,"vScale":1,"uAng":0,"vAng":0,"wAng":0,"wrapU":1,"wrapV":1,"coordinatesIndex":0}, 
"specularTexture":{"name":"wyvern_diffuse.png","level":0.25,"hasAlpha":0,"coordinatesMode":0,"uOffset":0,"vOffset":0,"uScale":1,"vScale":1,"uAng":0,"vAng":0,"wAng":0,"wrapU":1,"wrapV":1,"coordinatesIndex":0}}],
"multiMaterials":[],
"skeletons":[{"name":"WyvernArmature","id":0,"dimensionsAtRest":[3.8104,0.7027,1.9017],"bones":[
{"name":"Hip","index":0,"matrix":[1,0,0,0,0,-0.948,0.3183,0,0,0.3183,0.948,0,0,1.4951,0.0256,1],"rest":[1,0,0,0,0,-0.1402,0.9901,0,0,0.9901,0.1402,0,0,0.4856,0.0255,1],"parentBoneIndex":-1,"length":0.176
,"animation":{"dataType":3,"framePerSecond":24,"keys":[
{"frame":1,"values":[1,0,0,0,0,-0.0579,0.9983,0,0,0.9983,0.0579,0,0,1.1516,0.0037,1]},
{"frame":2,"values":[1,0,0,0,0,0.0241,0.9997,0,0,0.9997,-0.0241,0,0,0.6756,0.0037,1]},
{"frame":3,"values":[1,0,0,0,0,0.149,0.9888,0,0,0.9888,-0.149,0,0,0.2111,0.0053,1]},
{"frame":4,"values":[0.9994,0.0344,-0.0033,0,-0.0039,0.207,0.9783,0,-0.0343,0.9777,-0.207,0,0,0.1904,0.0023,1]},
{"frame":5,"values":[0.9946,0.1035,-0.0117,0,-0.0134,0.2384,0.9711,0,-0.1033,0.9656,-0.2385,0,0,0.1855,0.0015,1]},
{"frame":6,"values":[0.983,0.1823,-0.023,0,-0.0259,0.2615,0.9649,0,-0.1819,0.9478,-0.2617,0,0,0.1805,0.0007,1]},
{"frame":7,"values":[0.9628,0.2677,-0.0355,0,-0.0399,0.2711,0.9617,0,-0.2671,0.9246,-0.2717,0,0,0.1785,0.0003,1]},
{"frame":8,"values":[0.953,0.3003,-0.0403,0,-0.0452,0.2722,0.9612,0,-0.2996,0.9142,-0.273,0,0,0.1783,0.0003,1]},
{"frame":21,"values":[1,0,0,0,0,-0.0579,0.9983,0,0,0.9983,0.0579,0,0,1.1516,0.0037,1]},
{"frame":22,"values":[1,0,0,0,0,0.0241,0.9997,0,0,0.9997,-0.0241,0,0,0.6756,0.0037,1]},
{"frame":23,"values":[1,0,0,0,0,0.149,0.9888,0,0,0.9888,-0.149,0,0,0.2111,0.0053,1]},
{"frame":24,"values":[0.9994,0.0344,-0.0033,0,-0.0039,0.207,0.9783,0,-0.0343,0.9777,-0.207,0,0,0.1904,0.0023,1]},
{"frame":25,"values":[0.9946,0.1035,-0.0117,0,-0.0134,0.2384,0.9711,0,-0.1033,0.9656,-0.2385,0,0,0.1855,0.0015,1]},
{"frame":26,"values":[0.983,0.1823,-0.023,0,-0.0259,0.2615,0.9649,0,-0.1819,0.9478,-0.2617,0,0,0.1805,0.0007,1]},
{"frame":27,"values":[0.9628,0.2677,-0.0355,0,-0.0399,0.2711,0.9617,0,-0.2671,0.9246,-0.2717,0,0,0.1785,0.0003,1]},
{"frame":28,"values":[0.953,0.3003,-0.0403,0,-0.0452,0.2722,0.9612,0,-0.2996,0.9142,-0.273,0,0,0.1783,0.0003,1]},
{"frame":41,"values":[1,0,0,0,0,-0.1029,0.9947,0,0,0.9947,0.1029,0,0,1.4666,0.0053,1]},
{"frame":42,"values":[1,0,0,0,0,-0.1216,0.9926,0,0,0.9926,0.1216,0,0,1.4261,0.0154,1]},
{"frame":43,"values":[1,0,0,0,0,-0.1402,0.9901,0,0,0.9901,0.1402,0,0,1.3856,0.0255,1]},
{"frame":44,"values":[1,0,0,0,0,-0.1298,0.9915,0,0,0.9915,0.1298,0,0,1.4083,0.0199,1]},
{"frame":45,"values":[1,0,0,0,0,-0.1029,0.9947,0,0,0.9947,0.1029,0,0,1.4666,0.0053,1]},
{"frame":46,"values":[1,0,0,0,0,-0.0655,0.9979,0,0,0.9979,0.0655,0,0,1.5475,-0.0149,1]},
{"frame":47,"values":[1,0,0,0,0,-0.0746,0.9972,0,0,0.9972,0.0746,0,0,1.528,-0.0101,1]},
{"frame":48,"values":[1,0,0,0,0,-0.0939,0.9956,0,0,0.9956,0.0939,0,0,1.4862,0.0004,1]},
{"frame":49,"values":[1,0,0,0,0,-0.1029,0.9947,0,0,0.9947,0.1029,0,0,1.4666,0.0053,1]},
{"frame":61,"values":[1,0,0,0,0,-0.5037,0.8639,0,0,0.8639,0.5037,0,0,1.4951,0.0256,1]},
{"frame":62,"values":[0.9959,0.0904,0,0,0.0455,-0.5016,0.8639,0,-0.0781,0.8603,0.5037,0,0,1.2937,0.0254,1]},
{"frame":63,"values":[0.9837,0.1801,0,0,0.0907,-0.4955,0.8639,0,-0.1556,0.8498,0.5037,0,0,1.0951,0.0256,1]},
{"frame":64,"values":[1,0.0086,0,0,0.0043,-0.5037,0.8639,0,-0.0074,0.8639,0.5037,0,0,1.099,0.0256,1]},
{"frame":65,"values":[0.9866,-0.1633,0,0,-0.0823,-0.4969,0.8639,0,0.1411,0.8523,0.5037,0,0,1.1262,0.0255,1]},
{"frame":66,"values":[0.9916,-0.1295,0,0,-0.0652,-0.4994,0.8639,0,0.1119,0.8566,0.5037,0,0,1.2253,0.0255,1]},
{"frame":67,"values":[0.998,-0.0634,0,0,-0.0319,-0.5027,0.8639,0,0.0547,0.8621,0.5037,0,0,1.3694,0.0255,1]},
{"frame":68,"values":[0.9997,-0.0227,0,0,-0.0114,-0.5036,0.8639,0,0.0196,0.8637,0.5037,0,0,1.4517,0.0255,1]},
{"frame":81,"values":[1,0,0,0,0,-0.948,0.3183,0,0,0.3183,0.948,0,0,1.4951,0.0256,1]},
{"frame":82,"values":[1,0,0,0,0,-0.9558,0.294,0,0,0.294,0.9558,0,0,1.4404,0.0255,1]},
{"frame":83,"values":[1,0,0,0,0,-0.963,0.2697,0,0,0.2697,0.963,0,0,1.3856,0.0255,1]},
{"frame":84,"values":[1,0,0,0,0,-0.9504,0.311,0,0,0.311,0.9504,0,0,1.4786,0.0255,1]},
{"frame":85,"values":[1,0,0,0,0,-0.9261,0.3772,0,0,0.3772,0.9261,0,0,1.6303,0.0256,1]},
{"frame":86,"values":[1,0,0,0,0,-0.9119,0.4105,0,0,0.4105,0.9119,0,0,1.7079,0.0255,1]},
{"frame":87,"values":[1,0,0,0,0,-0.9214,0.3886,0,0,0.3886,0.9214,0,0,1.6566,0.0255,1]},
{"frame":88,"values":[1,0,0,0,0,-0.9401,0.3409,0,0,0.3409,0.9401,0,0,1.5467,0.0256,1]},
{"frame":89,"values":[1,0,0,0,0,-0.948,0.3183,0,0,0.3183,0.948,0,0,1.4951,0.0256,1]}],"loopBehavior":1,"name":"anim","property":"_matrix"}},
{"name":"Tail1","index":1,"matrix":[1,0,0,0,0,0.9515,0.3076,0,0,-0.3076,0.9515,0,0,0.176,0,1],"rest":[1,0,0,0,0,1,0.0062,0,0,-0.0062,1,0,0,0.176,0,1],"parentBoneIndex":0,"length":0.2433
,"animation":{"dataType":3,"framePerSecond":24,"keys":[
{"frame":1,"values":[1,0,0,0,0,0.9991,-0.0423,0,0,0.0423,0.9991,0,0,0.176,0,1]},
{"frame":2,"values":[1,0,0,0,0,0.9955,0.095,0,0,-0.095,0.9955,0,0,0.176,0,1]},
{"frame":3,"values":[1,0,0,0,0,0.9732,0.23,0,0,-0.23,0.9732,0,0,0.176,0,1]},
{"frame":4,"values":[0.9995,0.0288,-0.009,0,-0.0262,0.9772,0.2107,0,0.0149,-0.2104,0.9775,0,0,0.176,0,1]},
{"frame":5,"values":[0.9957,0.0917,-0.0166,0,-0.0878,0.9828,0.1623,0,0.0312,-0.1601,0.9866,0,0,0.176,0,1]},
{"frame":6,"values":[0.9847,0.174,-0.0044,0,-0.173,0.9811,0.0873,0,0.0195,-0.0852,0.9962,0,0,0.176,0,1]},
{"frame":7,"values":[0.9631,0.2687,0.0129,0,-0.2687,0.9632,-0.0054,0,-0.0139,0.0017,0.9999,0,0,0.176,0,1]},
{"frame":8,"values":[0.9519,0.3058,0.0189,0,-0.3048,0.9514,-0.043,0,-0.0311,0.0352,0.9989,0,0,0.176,0,1]},
{"frame":21,"values":[1,0,0,0,0,0.9991,-0.0423,0,0,0.0423,0.9991,0,0,0.176,0,1]},
{"frame":22,"values":[1,0,0,0,0,0.9955,0.095,0,0,-0.095,0.9955,0,0,0.176,0,1]},
{"frame":23,"values":[1,0,0,0,0,0.9732,0.23,0,0,-0.23,0.9732,0,0,0.176,0,1]},
{"frame":24,"values":[0.9995,0.0288,-0.009,0,-0.0262,0.9772,0.2107,0,0.0149,-0.2104,0.9775,0,0,0.176,0,1]},
{"frame":25,"values":[0.9957,0.0917,-0.0166,0,-0.0878,0.9828,0.1623,0,0.0312,-0.1601,0.9866,0,0,0.176,0,1]},
{"frame":26,"values":[0.9847,0.174,-0.0044,0,-0.173,0.9811,0.0873,0,0.0195,-0.0852,0.9962,0,0,0.176,0,1]},
{"frame":27,"values":[0.9631,0.2687,0.0129,0,-0.2687,0.9632,-0.0054,0,-0.0139,0.0017,0.9999,0,0,0.176,0,1]},
{"frame":28,"values":[0.9519,0.3058,0.0189,0,-0.3048,0.9514,-0.043,0,-0.0311,0.0352,0.9989,0,0,0.176,0,1]},
{"frame":41,"values":[1,0,0,0,0,0.9916,-0.1294,0,0,0.1294,0.9916,0,0,0.176,0,1]},
{"frame":42,"values":[1,0,0,0,0,0.9934,-0.1151,0,0,0.1151,0.9934,0,0,0.176,0,1]},
{"frame":43,"values":[1,0,0,0,0,0.9982,-0.0599,0,0,0.0599,0.9982,0,0,0.176,0,1]},
{"frame":44,"values":[1,0,0,0,0,0.9978,0.0668,0,0,-0.0668,0.9978,0,0,0.176,0,1]},
{"frame":45,"values":[1,0,0,0,0,0.9884,0.1517,0,0,-0.1517,0.9884,0,0,0.176,0,1]},
{"frame":46,"values":[1,0,0,0,0,0.9973,0.0732,0,0,-0.0732,0.9973,0,0,0.176,0,1]},
{"frame":47,"values":[1,0,0,0,0,0.9999,-0.0138,0,0,0.0138,0.9999,0,0,0.176,0,1]},
{"frame":48,"values":[1,0,0,0,0,0.9951,-0.0984,0,0,0.0984,0.9951,0,0,0.176,0,1]},
{"frame":49,"values":[1,0,0,0,0,0.9916,-0.1294,0,0,0.1294,0.9916,0,0,0.176,0,1]},
{"frame":61,"values":[1,0,0,0,0,0.9732,0.2302,0,0,-0.2302,0.9732,0,0,0.176,0,1]},
{"frame":62,"values":[0.9999,-0.0093,-0.0064,0,0.0108,0.9496,0.3132,0,0.0032,-0.3133,0.9497,0,0,0.176,0,1]},
{"frame":63,"values":[0.9995,-0.0258,-0.0182,0,0.0309,0.9187,0.3937,0,0.0066,-0.394,0.9191,0,0,0.176,0,1]},
{"frame":64,"values":[0.9987,-0.0458,-0.0239,0,0.0503,0.9678,0.2465,0,0.0119,-0.2473,0.9689,0,0,0.176,0,1]},
{"frame":65,"values":[0.998,-0.058,-0.0231,0,0.0599,0.9938,0.0933,0,0.0175,-0.0945,0.9954,0,0,0.176,0,1]},
{"frame":66,"values":[0.9988,-0.0457,-0.0189,0,0.0477,0.9914,0.1221,0,0.0132,-0.1229,0.9923,0,0,0.176,0,1]},
{"frame":67,"values":[0.9997,-0.0221,-0.0099,0,0.0235,0.9838,0.1778,0,0.0058,-0.178,0.984,0,0,0.176,0,1]},
{"frame":68,"values":[1,-0.0078,-0.0037,0,0.0084,0.9773,0.2115,0,0.0019,-0.2116,0.9774,0,0,0.176,0,1]},
{"frame":81,"values":[1,0,0,0,0,0.9515,0.3076,0,0,-0.3076,0.9515,0,0,0.176,0,1]},
{"frame":82,"values":[1,0,0,0,0,0.9542,0.299,0,0,-0.299,0.9542,0,0,0.176,0,1]},
{"frame":83,"values":[1,0,0,0,0,0.9569,0.2905,0,0,-0.2905,0.9569,0,0,0.176,0,1]},
{"frame":84,"values":[1,0,0,0,0,0.9524,0.305,0,0,-0.305,0.9524,0,0,0.176,0,1]},
{"frame":85,"values":[1,0,0,0,0,0.9445,0.3286,0,0,-0.3286,0.9445,0,0,0.176,0,1]},
{"frame":86,"values":[1,0,0,0,0,0.9402,0.3406,0,0,-0.3406,0.9402,0,0,0.176,0,1]},
{"frame":87,"values":[1,0,0,0,0,0.943,0.3327,0,0,-0.3327,0.943,0,0,0.176,0,1]},
{"frame":88,"values":[1,0,0,0,0,0.9489,0.3156,0,0,-0.3156,0.9489,0,0,0.176,0,1]},
{"frame":89,"values":[1,0,0,0,0,0.9515,0.3076,0,0,-0.3076,0.9515,0,0,0.176,0,1]}],"loopBehavior":1,"name":"anim","property":"_matrix"}},
{"name":"Tail2","index":2,"matrix":[1,0,0,0,0,0.9017,0.4324,0,0,-0.4324,0.9017,0,0,0.2433,0,1],"rest":[1,0,0,0,0,0.991,0.134,0,0,-0.134,0.991,0,0,0.2433,0,1],"parentBoneIndex":1,"length":0.1489
,"animation":{"dataType":3,"framePerSecond":24,"keys":[
{"frame":1,"values":[1,0,0,0,0,0.9817,0.1906,0,0,-0.1906,0.9817,0,0,0.2433,0,1]},
{"frame":4,"values":[0.9737,0.1311,0.1865,0,-0.1555,0.9802,0.1225,0,-0.1667,-0.1483,0.9748,0,0,0.2433,0,1]},
{"frame":5,"values":[0.886,0.3009,0.3527,0,-0.3162,0.9486,-0.015,0,-0.3391,-0.0983,0.9356,0,0,0.2433,0,1]},
{"frame":6,"values":[0.8991,0.3598,0.2493,0,-0.3529,0.9328,-0.0733,0,-0.2589,-0.0221,0.9657,0,0,0.2433,0,1]},
{"frame":7,"values":[0.9201,0.3902,0.0332,0,-0.3856,0.9176,-0.0965,0,-0.0681,0.0759,0.9948,0,0,0.2433,0,1]},
{"frame":8,"values":[0.9176,0.3918,-0.0672,0,-0.3969,0.9127,-0.0977,0,0.0231,0.1163,0.9929,0,0,0.2433,0,1]},
{"frame":21,"values":[1,0,0,0,0,0.9817,0.1906,0,0,-0.1906,0.9817,0,0,0.2433,0,1]},
{"frame":24,"values":[0.9737,0.1311,0.1865,0,-0.1555,0.9802,0.1225,0,-0.1667,-0.1483,0.9748,0,0,0.2433,0,1]},
{"frame":25,"values":[0.886,0.3009,0.3527,0,-0.3162,0.9486,-0.015,0,-0.3391,-0.0983,0.9356,0,0,0.2433,0,1]},
{"frame":26,"values":[0.8991,0.3598,0.2493,0,-0.3529,0.9328,-0.0733,0,-0.2589,-0.0221,0.9657,0,0,0.2433,0,1]},
{"frame":27,"values":[0.9201,0.3902,0.0332,0,-0.3856,0.9176,-0.0965,0,-0.0681,0.0759,0.9948,0,0,0.2433,0,1]},
{"frame":28,"values":[0.9176,0.3918,-0.0672,0,-0.3969,0.9127,-0.0977,0,0.0231,0.1163,0.9929,0,0,0.2433,0,1]},
{"frame":41,"values":[1,0,0,0,0,0.9817,0.1906,0,0,-0.1906,0.9817,0,0,0.2433,0,1]},
{"frame":42,"values":[1,0,0,0,0,0.9953,0.0971,0,0,-0.0971,0.9953,0,0,0.2433,0,1]},
{"frame":43,"values":[1,0,0,0,0,0.9986,-0.0534,0,0,0.0534,0.9986,0,0,0.2433,0,1]},
{"frame":44,"values":[1,0,0,0,0,0.9884,-0.1518,0,0,0.1518,0.9884,0,0,0.2433,0,1]},
{"frame":45,"values":[1,0,0,0,0,0.981,-0.1942,0,0,0.1942,0.981,0,0,0.2433,0,1]},
{"frame":46,"values":[1,0,0,0,0,0.9806,0.1962,0,0,-0.1962,0.9806,0,0,0.2433,0,1]},
{"frame":47,"values":[1,0,0,0,0,0.9808,0.1949,0,0,-0.1949,0.9808,0,0,0.2433,0,1]},
{"frame":48,"values":[1,0,0,0,0,0.9814,0.192,0,0,-0.192,0.9814,0,0,0.2433,0,1]},
{"frame":49,"values":[1,0,0,0,0,0.9817,0.1906,0,0,-0.1906,0.9817,0,0,0.2433,0,1]},
{"frame":61,"values":[1,0,0,0,0,0.9934,0.1143,0,0,-0.1143,0.9934,0,0,0.2433,0,1]},
{"frame":62,"values":[0.9998,-0.0181,-0.0085,0,0.0197,0.9644,0.2637,0,0.0034,-0.2638,0.9646,0,0,0.2433,0,1]},
{"frame":63,"values":[0.9985,-0.05,-0.0241,0,0.0555,0.912,0.4064,0,0.0016,-0.4072,0.9134,0,0,0.2433,0,1]},
{"frame":64,"values":[0.9959,-0.0903,-0.0104,0,0.0909,0.9851,0.146,0,-0.0029,-0.1464,0.9892,0,0,0.2433,0,1]},
{"frame":65,"values":[0.9939,-0.1093,0.0137,0,0.1102,0.986,-0.1255,0,0.0002,0.1262,0.992,0,0,0.2433,0,1]},
{"frame":66,"values":[0.9962,-0.0869,0.0087,0,0.0874,0.9933,-0.0758,0,-0.0021,0.0762,0.9971,0,0,0.2433,0,1]},
{"frame":67,"values":[0.9991,-0.0426,0.0022,0,0.0426,0.9989,0.0216,0,-0.0031,-0.0215,0.9998,0,0,0.2433,0,1]},
{"frame":68,"values":[0.9999,-0.0152,0.0003,0,0.0152,0.9966,0.0813,0,-0.0016,-0.0813,0.9967,0,0,0.2433,0,1]},
{"frame":81,"values":[1,0,0,0,0,0.9017,0.4324,0,0,-0.4324,0.9017,0,0,0.2433,0,1]},
{"frame":82,"values":[1,0,0,0,0,0.9077,0.4195,0,0,-0.4195,0.9077,0,0,0.2433,0,1]},
{"frame":83,"values":[1,0,0,0,0,0.9136,0.4066,0,0,-0.4066,0.9136,0,0,0.2433,0,1]},
{"frame":84,"values":[1,0,0,0,0,0.9035,0.4285,0,0,-0.4285,0.9035,0,0,0.2433,0,1]},
{"frame":85,"values":[1,0,0,0,0,0.886,0.4637,0,0,-0.4637,0.886,0,0,0.2433,0,1]},
{"frame":86,"values":[1,0,0,0,0,0.8765,0.4815,0,0,-0.4815,0.8765,0,0,0.2433,0,1]},
{"frame":87,"values":[1,0,0,0,0,0.8828,0.4697,0,0,-0.4697,0.8828,0,0,0.2433,0,1]},
{"frame":88,"values":[1,0,0,0,0,0.8959,0.4444,0,0,-0.4444,0.8959,0,0,0.2433,0,1]},
{"frame":89,"values":[1,0,0,0,0,0.9017,0.4324,0,0,-0.4324,0.9017,0,0,0.2433,0,1]}],"loopBehavior":1,"name":"anim","property":"_matrix"}},
{"name":"Tail3","index":3,"matrix":[1,0,0,0,0,0.8182,0.5749,0,0,-0.5749,0.8182,0,0,0.1489,0,1],"rest":[1,0,0,0,0,1,0,0,0,0,1,0,0,0.1489,0,1],"parentBoneIndex":2,"length":0.1404
,"animation":{"dataType":3,"framePerSecond":24,"keys":[
{"frame":1,"values":[1,0,0,0,0,0.9808,0.1949,0,0,-0.1949,0.9808,0,0,0.1489,0,1]},
{"frame":4,"values":[0.9762,0.1512,0.1553,0,-0.1645,0.9834,0.0767,0,-0.1411,-0.1004,0.9849,0,0,0.1489,0,1]},
{"frame":5,"values":[0.8757,0.3988,0.2723,0,-0.3742,0.9168,-0.1395,0,-0.3053,0.0203,0.952,0,0,0.1489,0,1]},
{"frame":6,"values":[0.8382,0.5219,0.1581,0,-0.4815,0.8444,-0.2349,0,-0.2561,0.1207,0.9591,0,0,0.1489,0,1]},
{"frame":7,"values":[0.8162,0.5767,-0.0357,0,-0.5646,0.7828,-0.2616,0,-0.1229,0.2337,0.9645,0,0,0.1489,0,1]},
{"frame":8,"values":[0.8045,0.5818,-0.1199,0,-0.5911,0.7643,-0.2576,0,-0.0582,0.2781,0.9588,0,0,0.1489,0,1]},
{"frame":21,"values":[1,0,0,0,0,0.9808,0.1949,0,0,-0.1949,0.9808,0,0,0.1489,0,1]},
{"frame":24,"values":[0.9762,0.1512,0.1553,0,-0.1645,0.9834,0.0767,0,-0.1411,-0.1004,0.9849,0,0,0.1489,0,1]},
{"frame":25,"values":[0.8757,0.3988,0.2723,0,-0.3742,0.9168,-0.1395,0,-0.3053,0.0203,0.952,0,0,0.1489,0,1]},
{"frame":26,"values":[0.8382,0.5219,0.1581,0,-0.4815,0.8444,-0.2349,0,-0.2561,0.1207,0.9591,0,0,0.1489,0,1]},
{"frame":27,"values":[0.8162,0.5767,-0.0357,0,-0.5646,0.7828,-0.2616,0,-0.1229,0.2337,0.9645,0,0,0.1489,0,1]},
{"frame":28,"values":[0.8045,0.5818,-0.1199,0,-0.5911,0.7643,-0.2576,0,-0.0582,0.2781,0.9588,0,0,0.1489,0,1]},
{"frame":41,"values":[1,0,0,0,0,0.9808,0.1949,0,0,-0.1949,0.9808,0,0,0.1489,0,1]},
{"frame":42,"values":[1,0,0,0,0,0.9973,0.0739,0,0,-0.0739,0.9973,0,0,0.1489,0,1]},
{"frame":43,"values":[1,0,0,0,0,0.9933,-0.1157,0,0,0.1157,0.9933,0,0,0.1489,0,1]},
{"frame":44,"values":[1,0,0,0,0,0.9742,-0.2256,0,0,0.2256,0.9742,0,0,0.1489,0,1]},
{"frame":45,"values":[1,0,0,0,0,0.9633,-0.2684,0,0,0.2684,0.9633,0,0,0.1489,0,1]},
{"frame":46,"values":[1,0,0,0,0,0.9886,0.1508,0,0,-0.1508,0.9886,0,0,0.1489,0,1]},
{"frame":47,"values":[1,0,0,0,0,0.9835,0.1808,0,0,-0.1808,0.9835,0,0,0.1489,0,1]},
{"frame":48,"values":[1,0,0,0,0,0.9811,0.1933,0,0,-0.1933,0.9811,0,0,0.1489,0,1]},
{"frame":49,"values":[1,0,0,0,0,0.9808,0.1949,0,0,-0.1949,0.9808,0,0,0.1489,0,1]},
{"frame":61,"values":[1,0,0,0,0,0.9868,0.1618,0,0,-0.1618,0.9868,0,0,0.1489,0,1]},
{"frame":62,"values":[1,-0.0095,-0.0029,0,0.0099,0.9677,0.2519,0,0.0004,-0.2519,0.9677,0,0,0.1489,0,1]},
{"frame":63,"values":[0.9994,-0.0324,-0.0091,0,0.0336,0.9399,0.3398,0,-0.0025,-0.3399,0.9405,0,0,0.1489,0,1]},
{"frame":64,"values":[0.9971,-0.0731,0.0221,0,0.0713,0.9947,0.0739,0,-0.0274,-0.0721,0.997,0,0,0.1489,0,1]},
{"frame":65,"values":[0.9941,-0.0897,0.0617,0,0.1002,0.9753,-0.1969,0,-0.0426,0.2019,0.9785,0,0,0.1489,0,1]},
{"frame":66,"values":[0.9963,-0.0729,0.0463,0,0.0782,0.9893,-0.1233,0,-0.0368,0.1265,0.9913,0,0,0.1489,0,1]},
{"frame":67,"values":[0.9991,-0.0373,0.0199,0,0.0368,0.9991,0.0224,0,-0.0208,-0.0216,0.9996,0,0,0.1489,0,1]},
{"frame":68,"values":[0.9999,-0.0136,0.0065,0,0.0128,0.9936,0.1122,0,-0.008,-0.1121,0.9937,0,0,0.1489,0,1]},
{"frame":81,"values":[1,0,0,0,0,0.8182,0.5749,0,0,-0.5749,0.8182,0,0,0.1489,0,1]},
{"frame":82,"values":[1,0,0,0,0,0.8316,0.5554,0,0,-0.5554,0.8316,0,0,0.1489,0,1]},
{"frame":83,"values":[1,0,0,0,0,0.8445,0.5356,0,0,-0.5356,0.8445,0,0,0.1489,0,1]},
{"frame":84,"values":[1,0,0,0,0,0.8223,0.5691,0,0,-0.5691,0.8223,0,0,0.1489,0,1]},
{"frame":85,"values":[1,0,0,0,0,0.7833,0.6217,0,0,-0.6217,0.7833,0,0,0.1489,0,1]},
{"frame":86,"values":[1,0,0,0,0,0.7619,0.6476,0,0,-0.6476,0.7619,0,0,0.1489,0,1]},
{"frame":87,"values":[1,0,0,0,0,0.7761,0.6306,0,0,-0.6306,0.7761,0,0,0.1489,0,1]},
{"frame":88,"values":[1,0,0,0,0,0.8053,0.5929,0,0,-0.5929,0.8053,0,0,0.1489,0,1]},
{"frame":89,"values":[1,0,0,0,0,0.8182,0.5749,0,0,-0.5749,0.8182,0,0,0.1489,0,1]}],"loopBehavior":1,"name":"anim","property":"_matrix"}},
{"name":"Tail4","index":4,"matrix":[1,0,0,0,0,0.7059,0.7083,0,0,-0.7083,0.7059,0,0,0.1404,0,1],"rest":[1,0,0,0,0,0.9998,-0.0202,0,0,0.0202,0.9998,0,0,0.1404,0,1],"parentBoneIndex":3,"length":0.1404
,"animation":{"dataType":3,"framePerSecond":24,"keys":[
{"frame":1,"values":[1,0,0,0,0,0.9823,0.1875,0,0,-0.1875,0.9823,0,0,0.1404,0,1]},
{"frame":4,"values":[0.9886,0.1128,0.0998,0,-0.1184,0.9916,0.0521,0,-0.0931,-0.0633,0.9936,0,0,0.1404,0,1]},
{"frame":5,"values":[0.9464,0.2677,0.1806,0,-0.2532,0.9623,-0.0992,0,-0.2004,0.0482,0.9785,0,0,0.1404,0,1]},
{"frame":6,"values":[0.9344,0.3056,0.1829,0,-0.2982,0.9521,-0.0675,0,-0.1947,0.0085,0.9808,0,0,0.1404,0,1]},
{"frame":7,"values":[0.9295,0.314,0.1936,0,-0.3212,0.947,0.0062,0,-0.1813,-0.0679,0.9811,0,0,0.1404,0,1]},
{"frame":8,"values":[0.9291,0.3118,0.1988,0,-0.3257,0.9446,0.0409,0,-0.175,-0.1028,0.9792,0,0,0.1404,0,1]},
{"frame":21,"values":[1,0,0,0,0,0.9823,0.1875,0,0,-0.1875,0.9823,0,0,0.1404,0,1]},
{"frame":24,"values":[0.9886,0.1128,0.0998,0,-0.1184,0.9916,0.0521,0,-0.0931,-0.0633,0.9936,0,0,0.1404,0,1]},
{"frame":25,"values":[0.9464,0.2677,0.1806,0,-0.2532,0.9623,-0.0992,0,-0.2004,0.0482,0.9785,0,0,0.1404,0,1]},
{"frame":26,"values":[0.9344,0.3056,0.1829,0,-0.2982,0.9521,-0.0675,0,-0.1947,0.0085,0.9808,0,0,0.1404,0,1]},
{"frame":27,"values":[0.9295,0.314,0.1936,0,-0.3212,0.947,0.0062,0,-0.1813,-0.0679,0.9811,0,0,0.1404,0,1]},
{"frame":28,"values":[0.9291,0.3118,0.1988,0,-0.3257,0.9446,0.0409,0,-0.175,-0.1028,0.9792,0,0,0.1404,0,1]},
{"frame":41,"values":[1,0,0,0,0,0.9823,0.1875,0,0,-0.1875,0.9823,0,0,0.1404,0,1]},
{"frame":42,"values":[1,0,0,0,0,0.9999,-0.0141,0,0,0.0141,0.9999,0,0,0.1404,0,1]},
{"frame":43,"values":[1,0,0,0,0,0.9764,-0.2162,0,0,0.2162,0.9764,0,0,0.1404,0,1]},
{"frame":44,"values":[1,0,0,0,0,0.9755,-0.2199,0,0,0.2199,0.9755,0,0,0.1404,0,1]},
{"frame":45,"values":[1,0,0,0,0,0.9753,-0.2209,0,0,0.2209,0.9753,0,0,0.1404,0,1]},
{"frame":46,"values":[1,0,0,0,0,0.9831,0.1829,0,0,-0.1829,0.9831,0,0,0.1404,0,1]},
{"frame":47,"values":[1,0,0,0,0,0.9826,0.1856,0,0,-0.1856,0.9826,0,0,0.1404,0,1]},
{"frame":48,"values":[1,0,0,0,0,0.9823,0.1871,0,0,-0.1871,0.9823,0,0,0.1404,0,1]},
{"frame":49,"values":[1,0,0,0,0,0.9823,0.1875,0,0,-0.1875,0.9823,0,0,0.1404,0,1]},
{"frame":61,"values":[1,0,0,0,0,0.9339,0.3576,0,0,-0.3576,0.9339,0,0,0.1404,0,1]},
{"frame":64,"values":[0.9975,-0.0383,0.0592,0,0.0377,0.9992,0.0109,0,-0.0596,-0.0087,0.9982,0,0,0.1404,0,1]},
{"frame":65,"values":[0.9904,-0.0533,0.1277,0,0.0935,0.9382,-0.3332,0,-0.1021,0.3419,0.9342,0,0,0.1404,0,1]},
{"frame":66,"values":[0.9938,-0.0501,0.0989,0,0.0687,0.9784,-0.1947,0,-0.087,0.2003,0.9759,0,0,0.1404,0,1]},
{"frame":67,"values":[0.9985,-0.0314,0.0445,0,0.0272,0.9955,0.0912,0,-0.0472,-0.0899,0.9948,0,0,0.1404,0,1]},
{"frame":68,"values":[0.9998,-0.0125,0.0148,0,0.0081,0.9642,0.2652,0,-0.0175,-0.265,0.9641,0,0,0.1404,0,1]},
{"frame":81,"values":[1,0,0,0,0,0.7059,0.7083,0,0,-0.7083,0.7059,0,0,0.1404,0,1]},
{"frame":82,"values":[1,0,0,0,0,0.716,0.6981,0,0,-0.6981,0.716,0,0,0.1404,0,1]},
{"frame":83,"values":[1,0,0,0,0,0.7259,0.6878,0,0,-0.6878,0.7259,0,0,0.1404,0,1]},
{"frame":84,"values":[1,0,0,0,0,0.709,0.7052,0,0,-0.7052,0.709,0,0,0.1404,0,1]},
{"frame":85,"values":[1,0,0,0,0,0.6805,0.7328,0,0,-0.7328,0.6805,0,0,0.1404,0,1]},
{"frame":86,"values":[1,0,0,0,0,0.6654,0.7465,0,0,-0.7465,0.6654,0,0,0.1404,0,1]},
{"frame":87,"values":[1,0,0,0,0,0.6754,0.7374,0,0,-0.7374,0.6754,0,0,0.1404,0,1]},
{"frame":88,"values":[1,0,0,0,0,0.6964,0.7177,0,0,-0.7177,0.6964,0,0,0.1404,0,1]},
{"frame":89,"values":[1,0,0,0,0,0.7059,0.7083,0,0,-0.7083,0.7059,0,0,0.1404,0,1]}],"loopBehavior":1,"name":"anim","property":"_matrix"}},
{"name":"Tail5","index":5,"matrix":[1,0,0,0,0,0.9028,0.4302,0,0,-0.4302,0.9028,0,0,0.1404,0,1],"rest":[1,0,0,0,0,0.9995,0.03,0,0,-0.03,0.9995,0,0,0.1404,0,1],"parentBoneIndex":4,"length":0.1447
,"animation":{"dataType":3,"framePerSecond":24,"keys":[
{"frame":1,"values":[1,0,0,0,0,0.9614,0.2751,0,0,-0.2751,0.9614,0,0,0.1404,0,1]},
{"frame":4,"values":[0.9939,0.0736,0.0816,0,-0.0906,0.9691,0.2294,0,-0.0622,-0.2354,0.9699,0,0,0.1404,0,1]},
{"frame":5,"values":[0.9734,0.1638,0.1605,0,-0.1914,0.9658,0.175,0,-0.1264,-0.201,0.9714,0,0,0.1404,0,1]},
{"frame":6,"values":[0.9702,0.1815,0.1604,0,-0.2111,0.9583,0.1926,0,-0.1187,-0.2207,0.9681,0,0,0.1404,0,1]},
{"frame":7,"values":[0.9698,0.1869,0.1567,0,-0.2201,0.9473,0.2327,0,-0.1049,-0.2602,0.9598,0,0,0.1404,0,1]},
{"frame":8,"values":[0.9702,0.1867,0.1546,0,-0.2214,0.9422,0.2515,0,-0.0987,-0.2783,0.9554,0,0,0.1404,0,1]},
{"frame":21,"values":[1,0,0,0,0,0.9614,0.2751,0,0,-0.2751,0.9614,0,0,0.1404,0,1]},
{"frame":24,"values":[0.9939,0.0736,0.0816,0,-0.0906,0.9691,0.2294,0,-0.0622,-0.2354,0.9699,0,0,0.1404,0,1]},
{"frame":25,"values":[0.9734,0.1638,0.1605,0,-0.1914,0.9658,0.175,0,-0.1264,-0.201,0.9714,0,0,0.1404,0,1]},
{"frame":26,"values":[0.9702,0.1815,0.1604,0,-0.2111,0.9583,0.1926,0,-0.1187,-0.2207,0.9681,0,0,0.1404,0,1]},
{"frame":27,"values":[0.9698,0.1869,0.1567,0,-0.2201,0.9473,0.2327,0,-0.1049,-0.2602,0.9598,0,0,0.1404,0,1]},
{"frame":28,"values":[0.9702,0.1867,0.1546,0,-0.2214,0.9422,0.2515,0,-0.0987,-0.2783,0.9554,0,0,0.1404,0,1]},
{"frame":41,"values":[1,0,0,0,0,0.9614,0.2751,0,0,-0.2751,0.9614,0,0,0.1404,0,1]},
{"frame":42,"values":[1,0,0,0,0,0.9928,0.1195,0,0,-0.1195,0.9928,0,0,0.1404,0,1]},
{"frame":43,"values":[1,0,0,0,0,0.9936,-0.113,0,0,0.113,0.9936,0,0,0.1404,0,1]},
{"frame":44,"values":[1,0,0,0,0,0.9778,-0.2097,0,0,0.2097,0.9778,0,0,0.1404,0,1]},
{"frame":45,"values":[1,0,0,0,0,0.9725,-0.233,0,0,0.233,0.9725,0,0,0.1404,0,1]},
{"frame":46,"values":[1,0,0,0,0,0.9863,0.1651,0,0,-0.1651,0.9863,0,0,0.1404,0,1]},
{"frame":47,"values":[1,0,0,0,0,0.9707,0.2402,0,0,-0.2402,0.9707,0,0,0.1404,0,1]},
{"frame":48,"values":[1,0,0,0,0,0.9625,0.2712,0,0,-0.2712,0.9625,0,0,0.1404,0,1]},
{"frame":49,"values":[1,0,0,0,0,0.9614,0.2751,0,0,-0.2751,0.9614,0,0,0.1404,0,1]},
{"frame":61,"values":[1,0,0,0,0,0.9556,0.2946,0,0,-0.2946,0.9556,0,0,0.1404,0,1]},
{"frame":64,"values":[0.9986,-0.0133,0.0515,0,0.0116,0.9994,0.0317,0,-0.0519,-0.0311,0.9982,0,0,0.1404,0,1]},
{"frame":65,"values":[0.9944,-0.0124,0.1045,0,0.0365,0.972,-0.2321,0,-0.0987,0.2346,0.9671,0,0,0.1404,0,1]},
{"frame":66,"values":[0.9965,-0.0145,0.0827,0,0.0247,0.992,-0.1241,0,-0.0802,0.1257,0.9888,0,0,0.1404,0,1]},
{"frame":67,"values":[0.9992,-0.0115,0.0395,0,0.0078,0.9957,0.0922,0,-0.0404,-0.0918,0.995,0,0,0.1404,0,1]},
{"frame":68,"values":[0.9999,-0.005,0.0138,0,0.0018,0.9747,0.2236,0,-0.0145,-0.2235,0.9746,0,0,0.1404,0,1]},
{"frame":81,"values":[1,0,0,0,0,0.9028,0.4302,0,0,-0.4302,0.9028,0,0,0.1404,0,1]},
{"frame":82,"values":[1,0,0,0,0,0.9129,0.4081,0,0,-0.4081,0.9129,0,0,0.1404,0,1]},
{"frame":83,"values":[1,0,0,0,0,0.9225,0.3859,0,0,-0.3859,0.9225,0,0,0.1404,0,1]},
{"frame":84,"values":[1,0,0,0,0,0.9059,0.4236,0,0,-0.4236,0.9059,0,0,0.1404,0,1]},
{"frame":85,"values":[1,0,0,0,0,0.8753,0.4835,0,0,-0.4835,0.8753,0,0,0.1404,0,1]},
{"frame":86,"values":[1,0,0,0,0,0.8581,0.5134,0,0,-0.5134,0.8581,0,0,0.1404,0,1]},
{"frame":87,"values":[1,0,0,0,0,0.8696,0.4937,0,0,-0.4937,0.8696,0,0,0.1404,0,1]},
{"frame":88,"values":[1,0,0,0,0,0.8927,0.4507,0,0,-0.4507,0.8927,0,0,0.1404,0,1]},
{"frame":89,"values":[1,0,0,0,0,0.9028,0.4302,0,0,-0.4302,0.9028,0,0,0.1404,0,1]}],"loopBehavior":1,"name":"anim","property":"_matrix"}},
{"name":"Tail6","index":6,"matrix":[1,0,0,0,0,0.9082,0.4186,0,0,-0.4186,0.9082,0,0,0.1447,0,1],"rest":[1,0,0,0,0,0.9998,-0.0199,0,0,0.0199,0.9998,0,0,0.1447,0,1],"parentBoneIndex":5,"length":0.1404
,"animation":{"dataType":3,"framePerSecond":24,"keys":[
{"frame":1,"values":[1,0,0,0,0,0.9453,0.3263,0,0,-0.3263,0.9453,0,0,0.1447,0,1]},
{"frame":4,"values":[0.9919,0.111,0.0617,0,-0.1238,0.9539,0.2734,0,-0.0285,-0.2788,0.9599,0,0,0.1447,0,1]},
{"frame":5,"values":[0.9622,0.2452,0.1189,0,-0.2658,0.9407,0.211,0,-0.0601,-0.2346,0.9702,0,0,0.1447,0,1]},
{"frame":6,"values":[0.9542,0.2734,0.1219,0,-0.2952,0.927,0.2313,0,-0.0497,-0.2567,0.9652,0,0,0.1447,0,1]},
{"frame":7,"values":[0.9512,0.2829,0.1234,0,-0.3068,0.9104,0.2774,0,-0.0339,-0.3018,0.9528,0,0,0.1447,0,1]},
{"frame":8,"values":[0.9511,0.2831,0.1237,0,-0.3078,0.9033,0.299,0,-0.0271,-0.3224,0.9462,0,0,0.1447,0,1]},
{"frame":21,"values":[1,0,0,0,0,0.9453,0.3263,0,0,-0.3263,0.9453,0,0,0.1447,0,1]},
{"frame":24,"values":[0.9919,0.111,0.0617,0,-0.1238,0.9539,0.2734,0,-0.0285,-0.2788,0.9599,0,0,0.1447,0,1]},
{"frame":25,"values":[0.9622,0.2452,0.1189,0,-0.2658,0.9407,0.211,0,-0.0601,-0.2346,0.9702,0,0,0.1447,0,1]},
{"frame":26,"values":[0.9542,0.2734,0.1219,0,-0.2952,0.927,0.2313,0,-0.0497,-0.2567,0.9652,0,0,0.1447,0,1]},
{"frame":27,"values":[0.9512,0.2829,0.1234,0,-0.3068,0.9104,0.2774,0,-0.0339,-0.3018,0.9528,0,0,0.1447,0,1]},
{"frame":28,"values":[0.9511,0.2831,0.1237,0,-0.3078,0.9033,0.299,0,-0.0271,-0.3224,0.9462,0,0,0.1447,0,1]},
{"frame":41,"values":[1,0,0,0,0,0.9453,0.3263,0,0,-0.3263,0.9453,0,0,0.1447,0,1]},
{"frame":42,"values":[1,0,0,0,0,0.9812,0.193,0,0,-0.193,0.9812,0,0,0.1447,0,1]},
{"frame":43,"values":[1,0,0,0,0,0.9998,-0.0199,0,0,0.0199,0.9998,0,0,0.1447,0,1]},
{"frame":44,"values":[1,0,0,0,0,0.9889,-0.1485,0,0,0.1485,0.9889,0,0,0.1447,0,1]},
{"frame":45,"values":[1,0,0,0,0,0.9795,-0.2013,0,0,0.2013,0.9795,0,0,0.1447,0,1]},
{"frame":46,"values":[1,0,0,0,0,0.8935,0.4492,0,0,-0.4492,0.8935,0,0,0.1447,0,1]},
{"frame":47,"values":[1,0,0,0,0,0.9075,0.42,0,0,-0.42,0.9075,0,0,0.1447,0,1]},
{"frame":48,"values":[1,0,0,0,0,0.9342,0.3566,0,0,-0.3566,0.9342,0,0,0.1447,0,1]},
{"frame":49,"values":[1,0,0,0,0,0.9453,0.3263,0,0,-0.3263,0.9453,0,0,0.1447,0,1]},
{"frame":61,"values":[1,0,0,0,0,0.9577,0.2877,0,0,-0.2877,0.9577,0,0,0.1447,0,1]},
{"frame":64,"values":[0.9981,0.0042,0.0612,0,-0.0031,0.9998,-0.0175,0,-0.0613,0.0173,0.998,0,0,0.1447,0,1]},
{"frame":65,"values":[0.9926,0.0267,0.1181,0,0.0126,0.9473,-0.3201,0,-0.1204,0.3192,0.94,0,0,0.1447,0,1]},
{"frame":66,"values":[0.9953,0.0153,0.0955,0,0.0039,0.9803,-0.1974,0,-0.0966,0.1968,0.9757,0,0,0.1447,0,1]},
{"frame":67,"values":[0.9989,0.0016,0.0474,0,-0.0041,0.9986,0.0527,0,-0.0473,-0.0529,0.9975,0,0,0.1447,0,1]},
{"frame":68,"values":[0.9999,-0.0007,0.0169,0,-0.0027,0.9787,0.2055,0,-0.0166,-0.2055,0.9785,0,0,0.1447,0,1]},
{"frame":81,"values":[1,0,0,0,0,0.9082,0.4186,0,0,-0.4186,0.9082,0,0,0.1447,0,1]},
{"frame":82,"values":[1,0,0,0,0,0.9167,0.3995,0,0,-0.3995,0.9167,0,0,0.1447,0,1]},
{"frame":83,"values":[1,0,0,0,0,0.9249,0.3801,0,0,-0.3801,0.9249,0,0,0.1447,0,1]},
{"frame":84,"values":[1,0,0,0,0,0.9108,0.4129,0,0,-0.4129,0.9108,0,0,0.1447,0,1]},
{"frame":85,"values":[1,0,0,0,0,0.8853,0.4651,0,0,-0.4651,0.8853,0,0,0.1447,0,1]},
{"frame":86,"values":[1,0,0,0,0,0.871,0.4913,0,0,-0.4913,0.871,0,0,0.1447,0,1]},
{"frame":87,"values":[1,0,0,0,0,0.8805,0.4741,0,0,-0.4741,0.8805,0,0,0.1447,0,1]},
{"frame":88,"values":[1,0,0,0,0,0.8997,0.4364,0,0,-0.4364,0.8997,0,0,0.1447,0,1]},
{"frame":89,"values":[1,0,0,0,0,0.9082,0.4186,0,0,-0.4186,0.9082,0,0,0.1447,0,1]}],"loopBehavior":1,"name":"anim","property":"_matrix"}},
{"name":"Thigh.Left","index":7,"matrix":[-0.3016,-0.8783,-0.3711,0,0.5933,0.1317,-0.7941,0,0.7463,-0.4597,0.4813,0,0,0.176,0,1],"rest":[-0.3016,-0.944,-0.1337,0,0.5933,-0.0761,-0.8014,0,0.7463,-0.321,0.583,0,0,0.176,0,1],"parentBoneIndex":0,"length":0.1355
,"animation":{"dataType":3,"framePerSecond":24,"keys":[
{"frame":1,"values":[-0.3016,-0.8557,-0.4205,0,0.5933,0.1768,-0.7853,0,0.7463,-0.4864,0.4543,0,0,0.176,0,1]},
{"frame":8,"values":[-0.3016,-0.8557,-0.4205,0,0.5933,0.1768,-0.7853,0,0.7463,-0.4864,0.4543,0,0,0.176,0,1]},
{"frame":21,"values":[-0.3016,-0.8557,-0.4205,0,0.5933,0.1768,-0.7853,0,0.7463,-0.4864,0.4543,0,0,0.176,0,1]},
{"frame":28,"values":[-0.3016,-0.8557,-0.4205,0,0.5933,0.1768,-0.7853,0,0.7463,-0.4864,0.4543,0,0,0.176,0,1]},
{"frame":41,"values":[-0.3016,-0.8557,-0.4205,0,0.5933,0.1768,-0.7853,0,0.7463,-0.4864,0.4543,0,0,0.176,0,1]},
{"frame":49,"values":[-0.3016,-0.8557,-0.4205,0,0.5933,0.1768,-0.7853,0,0.7463,-0.4864,0.4543,0,0,0.176,0,1]},
{"frame":61,"values":[-0.3016,-0.8783,-0.3711,0,0.5933,0.1317,-0.7941,0,0.7463,-0.4597,0.4813,0,0,0.176,0,1]},
{"frame":68,"values":[-0.3016,-0.8783,-0.3711,0,0.5933,0.1317,-0.7941,0,0.7463,-0.4597,0.4813,0,0,0.176,0,1]},
{"frame":81,"values":[-0.3016,-0.8783,-0.3711,0,0.5933,0.1317,-0.7941,0,0.7463,-0.4597,0.4813,0,0,0.176,0,1]},
{"frame":89,"values":[-0.3016,-0.8783,-0.3711,0,0.5933,0.1317,-0.7941,0,0.7463,-0.4597,0.4813,0,0,0.176,0,1]}],"loopBehavior":1,"name":"anim","property":"_matrix"}},
{"name":"Shin.Left","index":8,"matrix":[-0.0382,0.6955,0.7175,0,-0.7571,0.4484,-0.475,0,-0.6521,-0.5614,0.5095,0,0,0.1355,0,1],"rest":[-0.0118,0.6279,0.7782,0,-0.5769,0.6314,-0.5182,0,-0.8167,-0.4551,0.3548,0,0,0.1355,0,1],"parentBoneIndex":7,"length":0.1721
,"animation":{"dataType":3,"framePerSecond":24,"keys":[
{"frame":1,"values":[-0.0342,0.5758,0.8169,0,-0.381,0.7481,-0.5433,0,-0.924,-0.3298,0.1938,0,0,0.1355,0,1]},
{"frame":2,"values":[-0.0303,0.5956,0.8027,0,-0.4539,0.7073,-0.5419,0,-0.8905,-0.3808,0.2489,0,0,0.1355,0,1]},
{"frame":3,"values":[-0.0282,0.6151,0.7879,0,-0.5391,0.6544,-0.5302,0,-0.8417,-0.4398,0.3132,0,0,0.1355,0,1]},
{"frame":4,"values":[-0.062,0.5775,0.814,0,-0.556,0.6573,-0.5087,0,-0.8288,-0.4842,0.2804,0,0,0.1355,0,1]},
{"frame":5,"values":[-0.1298,0.4956,0.8588,0,-0.5634,0.6759,-0.4752,0,-0.8159,-0.5455,0.1915,0,0,0.1355,0,1]},
{"frame":6,"values":[-0.2056,0.3924,0.8965,0,-0.5745,0.6932,-0.4352,0,-0.7923,-0.6045,0.0829,0,0,0.1355,0,1]},
{"frame":7,"values":[-0.2847,0.2712,0.9195,0,-0.5876,0.7084,-0.3909,0,-0.7574,-0.6516,-0.0423,0,0,0.1355,0,1]},
{"frame":8,"values":[-0.3138,0.2228,0.923,0,-0.5933,0.713,-0.3737,0,-0.7413,-0.6649,-0.0915,0,0,0.1355,0,1]},
{"frame":21,"values":[-0.0342,0.5758,0.8169,0,-0.381,0.7481,-0.5433,0,-0.924,-0.3298,0.1938,0,0,0.1355,0,1]},
{"frame":22,"values":[-0.0303,0.5956,0.8027,0,-0.4539,0.7073,-0.5419,0,-0.8905,-0.3808,0.2489,0,0,0.1355,0,1]},
{"frame":23,"values":[-0.0282,0.6151,0.7879,0,-0.5391,0.6544,-0.5302,0,-0.8417,-0.4398,0.3132,0,0,0.1355,0,1]},
{"frame":24,"values":[-0.062,0.5775,0.814,0,-0.556,0.6573,-0.5087,0,-0.8288,-0.4842,0.2804,0,0,0.1355,0,1]},
{"frame":25,"values":[-0.1298,0.4956,0.8588,0,-0.5634,0.6759,-0.4752,0,-0.8159,-0.5455,0.1915,0,0,0.1355,0,1]},
{"frame":26,"values":[-0.2056,0.3924,0.8965,0,-0.5745,0.6932,-0.4352,0,-0.7923,-0.6045,0.0829,0,0,0.1355,0,1]},
{"frame":27,"values":[-0.2847,0.2712,0.9195,0,-0.5876,0.7084,-0.3909,0,-0.7574,-0.6516,-0.0423,0,0,0.1355,0,1]},
{"frame":28,"values":[-0.3138,0.2228,0.923,0,-0.5933,0.713,-0.3737,0,-0.7413,-0.6649,-0.0915,0,0,0.1355,0,1]},
{"frame":41,"values":[-0.0375,0.5631,0.8256,0,-0.3372,0.7705,-0.5409,0,-0.9407,-0.2987,0.161,0,0,0.1355,0,1]},
{"frame":42,"values":[-0.0297,0.5778,0.8156,0,-0.395,0.7428,-0.5406,0,-0.9182,-0.3382,0.2062,0,0,0.1355,0,1]},
{"frame":43,"values":[-0.023,0.5927,0.8051,0,-0.4512,0.7125,-0.5374,0,-0.8921,-0.3756,0.251,0,0,0.1355,0,1]},
{"frame":44,"values":[-0.0266,0.5843,0.8111,0,-0.4199,0.7298,-0.5395,0,-0.9072,-0.3549,0.2259,0,0,0.1355,0,1]},
{"frame":45,"values":[-0.0375,0.5631,0.8256,0,-0.3372,0.7705,-0.5409,0,-0.9407,-0.2987,0.161,0,0,0.1355,0,1]},
{"frame":46,"values":[-0.0563,0.5343,0.8434,0,-0.2187,0.8177,-0.5325,0,-0.9742,-0.2144,0.0708,0,0,0.1355,0,1]},
{"frame":47,"values":[-0.0514,0.5411,0.8394,0,-0.2476,0.8073,-0.5356,0,-0.9675,-0.2353,0.0925,0,0,0.1355,0,1]},
{"frame":48,"values":[-0.0416,0.556,0.8301,0,-0.3089,0.783,-0.5399,0,-0.9502,-0.2789,0.1392,0,0,0.1355,0,1]},
{"frame":49,"values":[-0.0375,0.5631,0.8256,0,-0.3372,0.7705,-0.5409,0,-0.9407,-0.2987,0.161,0,0,0.1355,0,1]},
{"frame":61,"values":[-0.0382,0.6955,0.7175,0,-0.7571,0.4484,-0.475,0,-0.6521,-0.5614,0.5095,0,0,0.1355,0,1]},
{"frame":62,"values":[-0.0468,0.7643,0.6432,0,-0.7346,0.41,-0.5406,0,-0.6769,-0.4978,0.5422,0,0,0.1355,0,1]},
{"frame":63,"values":[-0.0521,0.8256,0.5619,0,-0.7111,0.3644,-0.6013,0,-0.7012,-0.4309,0.568,0,0,0.1355,0,1]},
{"frame":64,"values":[-0.0655,0.7595,0.6472,0,-0.7816,0.3642,-0.5064,0,-0.6203,-0.539,0.5698,0,0,0.1355,0,1]},
{"frame":65,"values":[-0.0642,0.6824,0.7282,0,-0.8441,0.3521,-0.4044,0,-0.5323,-0.6406,0.5534,0,0,0.1355,0,1]},
{"frame":66,"values":[-0.0577,0.6845,0.7267,0,-0.8276,0.3743,-0.4183,0,-0.5583,-0.6256,0.5449,0,0,0.1355,0,1]},
{"frame":67,"values":[-0.0477,0.6902,0.722,0,-0.7929,0.4134,-0.4476,0,-0.6074,-0.5939,0.5276,0,0,0.1355,0,1]},
{"frame":68,"values":[-0.0416,0.6937,0.7191,0,-0.7702,0.4362,-0.4653,0,-0.6364,-0.5732,0.5162,0,0,0.1355,0,1]},
{"frame":81,"values":[-0.0382,0.6955,0.7175,0,-0.7571,0.4484,-0.475,0,-0.6521,-0.5614,0.5095,0,0,0.1355,0,1]},
{"frame":82,"values":[-0.0664,0.7257,0.6848,0,-0.8091,0.3625,-0.4625,0,-0.5839,-0.5848,0.5631,0,0,0.1355,0,1]},
{"frame":83,"values":[-0.0982,0.7518,0.652,0,-0.8534,0.2735,-0.4438,0,-0.512,-0.6,0.6147,0,0,0.1355,0,1]},
{"frame":84,"values":[-0.0911,0.7466,0.6591,0,-0.8445,0.2929,-0.4484,0,-0.5278,-0.5974,0.6038,0,0,0.1355,0,1]},
{"frame":85,"values":[-0.0633,0.7228,0.6881,0,-0.8042,0.3714,-0.4641,0,-0.591,-0.5828,0.5577,0,0,0.1355,0,1]},
{"frame":86,"values":[-0.0176,0.6675,0.7444,0,-0.7081,0.5173,-0.4805,0,-0.7059,-0.5356,0.4636,0,0,0.1355,0,1]},
{"frame":87,"values":[-0.0223,0.6745,0.738,0,-0.7204,0.501,-0.4796,0,-0.6932,-0.5423,0.4747,0,0,0.1355,0,1]},
{"frame":88,"values":[-0.0329,0.689,0.724,0,-0.7457,0.4654,-0.4768,0,-0.6654,-0.5556,0.4985,0,0,0.1355,0,1]},
{"frame":89,"values":[-0.0382,0.6955,0.7175,0,-0.7571,0.4484,-0.475,0,-0.6521,-0.5614,0.5095,0,0,0.1355,0,1]}],"loopBehavior":1,"name":"anim","property":"_matrix"}},
{"name":"Foot.Left","index":9,"matrix":[-0.8831,-0.2503,-0.3969,0,0.1014,0.724,-0.6823,0,0.4581,-0.6428,-0.614,0,0,0.1721,0,1],"rest":[-0.8835,-0.2841,-0.3723,0,0.1618,0.5608,-0.812,0,0.4395,-0.7776,-0.4496,0,0,0.1721,0,1],"parentBoneIndex":8,"length":0.2001
,"animation":{"dataType":3,"framePerSecond":24,"keys":[
{"frame":1,"values":[-0.8815,-0.2414,-0.4058,0,0.1178,0.7198,-0.6841,0,0.4572,-0.6508,-0.6061,0,0,0.1721,0,1]},
{"frame":2,"values":[-0.8993,-0.1053,-0.4245,0,-0.06,0.9911,-0.1186,0,0.4332,-0.0812,-0.8976,0,0,0.1721,0,1]},
{"frame":3,"values":[-0.9309,0.0057,-0.3652,0,-0.1736,0.8728,0.4561,0,0.3213,0.488,-0.8115,0,0,0.1721,0,1]},
{"frame":4,"values":[-0.9293,-0.0118,-0.369,0,-0.1798,0.8875,0.4244,0,0.3225,0.4607,-0.8269,0,0,0.1721,0,1]},
{"frame":5,"values":[-0.9259,-0.0474,-0.3749,0,-0.1921,0.9134,0.359,0,0.3254,0.4044,-0.8548,0,0,0.1721,0,1]},
{"frame":6,"values":[-0.9214,-0.0888,-0.3784,0,-0.2059,0.9372,0.2815,0,0.3296,0.3373,-0.8818,0,0,0.1721,0,1]},
{"frame":7,"values":[-0.9159,-0.1344,-0.3783,0,-0.2205,0.9558,0.1943,0,0.3355,0.2613,-0.9051,0,0,0.1721,0,1]},
{"frame":8,"values":[-0.9136,-0.1521,-0.3771,0,-0.226,0.9609,0.16,0,0.338,0.2314,-0.9122,0,0,0.1721,0,1]},
{"frame":21,"values":[-0.8815,-0.2414,-0.4058,0,0.1178,0.7198,-0.6841,0,0.4572,-0.6508,-0.6061,0,0,0.1721,0,1]},
{"frame":22,"values":[-0.8993,-0.1053,-0.4245,0,-0.06,0.9911,-0.1186,0,0.4332,-0.0812,-0.8976,0,0,0.1721,0,1]},
{"frame":23,"values":[-0.9309,0.0057,-0.3652,0,-0.1736,0.8728,0.4561,0,0.3213,0.488,-0.8115,0,0,0.1721,0,1]},
{"frame":24,"values":[-0.9293,-0.0118,-0.369,0,-0.1798,0.8875,0.4244,0,0.3225,0.4607,-0.8269,0,0,0.1721,0,1]},
{"frame":25,"values":[-0.9259,-0.0474,-0.3749,0,-0.1921,0.9134,0.359,0,0.3254,0.4044,-0.8548,0,0,0.1721,0,1]},
{"frame":26,"values":[-0.9214,-0.0888,-0.3784,0,-0.2059,0.9372,0.2815,0,0.3296,0.3373,-0.8818,0,0,0.1721,0,1]},
{"frame":27,"values":[-0.9159,-0.1344,-0.3783,0,-0.2205,0.9558,0.1943,0,0.3355,0.2613,-0.9051,0,0,0.1721,0,1]},
{"frame":28,"values":[-0.9136,-0.1521,-0.3771,0,-0.226,0.9609,0.16,0,0.338,0.2314,-0.9122,0,0,0.1721,0,1]},
{"frame":41,"values":[-0.8825,-0.3064,-0.3567,0,0.2192,0.4031,-0.8885,0,0.416,-0.8624,-0.2886,0,0,0.1721,0,1]},
{"frame":49,"values":[-0.8825,-0.3064,-0.3567,0,0.2192,0.4031,-0.8885,0,0.416,-0.8624,-0.2886,0,0,0.1721,0,1]},
{"frame":61,"values":[-0.895,-0.3216,-0.3091,0,0.2369,0.2445,-0.9403,0,0.378,-0.9148,-0.1426,0,0,0.1721,0,1]},
{"frame":62,"values":[-0.9167,-0.3273,-0.2291,0,0.2858,-0.1366,-0.9485,0,0.2791,-0.935,0.2187,0,0,0.1721,0,1]},
{"frame":63,"values":[-0.94,-0.3045,-0.1536,0,0.2937,-0.494,-0.8183,0,0.1733,-0.8144,0.5539,0,0,0.1721,0,1]},
{"frame":64,"values":[-0.8863,-0.3438,-0.3102,0,0.2651,0.1726,-0.9486,0,0.3797,-0.923,-0.0618,0,0,0.1721,0,1]},
{"frame":65,"values":[-0.8489,-0.2666,-0.4565,0,0.1054,0.7609,-0.6403,0,0.518,-0.5916,-0.6178,0,0,0.1721,0,1]},
{"frame":66,"values":[-0.8569,-0.2857,-0.429,0,0.14,0.6721,-0.7271,0,0.4961,-0.6831,-0.5359,0,0,0.1721,0,1]},
{"frame":67,"values":[-0.8753,-0.3119,-0.3694,0,0.1974,0.467,-0.862,0,0.4414,-0.8274,-0.3472,0,0,0.1721,0,1]},
{"frame":68,"values":[-0.8878,-0.3199,-0.3307,0,0.2247,0.3258,-0.9184,0,0.4015,-0.8897,-0.2174,0,0,0.1721,0,1]},
{"frame":81,"values":[-0.8831,-0.2503,-0.3969,0,0.1014,0.724,-0.6823,0,0.4581,-0.6428,-0.614,0,0,0.1721,0,1]},
{"frame":82,"values":[-0.8841,-0.2266,-0.4086,0,0.0619,0.81,-0.5831,0,0.4631,-0.5408,-0.7022,0,0,0.1721,0,1]},
{"frame":83,"values":[-0.8862,-0.2016,-0.4171,0,0.0222,0.8808,-0.473,0,0.4627,-0.4284,-0.7761,0,0,0.1721,0,1]},
{"frame":84,"values":[-0.8857,-0.2071,-0.4155,0,0.0308,0.8669,-0.4976,0,0.4633,-0.4535,-0.7614,0,0,0.1721,0,1]},
{"frame":85,"values":[-0.884,-0.2291,-0.4076,0,0.066,0.8019,-0.5938,0,0.4628,-0.5518,-0.6937,0,0,0.1721,0,1]},
{"frame":86,"values":[-0.883,-0.2688,-0.3848,0,0.1337,0.6418,-0.7551,0,0.4499,-0.7182,-0.5308,0,0,0.1721,0,1]},
{"frame":87,"values":[-0.8829,-0.2644,-0.3879,0,0.126,0.6624,-0.7384,0,0.4522,-0.7009,-0.5516,0,0,0.1721,0,1]},
{"frame":88,"values":[-0.883,-0.2549,-0.3942,0,0.1093,0.7049,-0.7008,0,0.4565,-0.6619,-0.5946,0,0,0.1721,0,1]},
{"frame":89,"values":[-0.8831,-0.2503,-0.3969,0,0.1014,0.724,-0.6823,0,0.4581,-0.6428,-0.614,0,0,0.1721,0,1]}],"loopBehavior":1,"name":"anim","property":"_matrix"}},
{"name":"Toes.Left","index":10,"matrix":[0.9812,-0.0498,-0.1863,0,0.1243,0.9019,0.4137,0,0.1474,-0.4291,0.8911,0,0,0.2001,0,1],"rest":[0.9812,-0.0498,-0.1863,0,0.1911,0.3787,0.9056,0,0.0254,-0.923,0.3806,0,0,0.2001,0,1],"parentBoneIndex":9,"length":0.1253
,"animation":{"dataType":3,"framePerSecond":24,"keys":[
{"frame":1,"values":[0.9812,-0.0498,-0.1863,0,0.1462,0.8219,0.5505,0,0.1257,-0.5674,0.8138,0,0,0.2001,0,1]},
{"frame":8,"values":[0.9812,-0.0498,-0.1863,0,0.1462,0.8219,0.5505,0,0.1257,-0.5674,0.8138,0,0,0.2001,0,1]},
{"frame":21,"values":[0.9812,-0.0498,-0.1863,0,0.1462,0.8219,0.5505,0,0.1257,-0.5674,0.8138,0,0,0.2001,0,1]},
{"frame":28,"values":[0.9812,-0.0498,-0.1863,0,0.1462,0.8219,0.5505,0,0.1257,-0.5674,0.8138,0,0,0.2001,0,1]},
